t n p
0 10000 0
1 9776 0
2 9790 0
3 9864 0
4 9992 0
5 9958 0
6 10000 0
7 10000 0
8 10000 0
9 9938 5.03119e-05
10 9912 0
11 9886 0
12 9804 0
13 9684 0
14 9638 0
15 9508 0
16 9598 0
17 9446 0
18 9256 0
19 9260 0
20 8994 0
21 9064 0
22 9122 0
23 9086 0
24 9038 0
25 9250 0
26 9202 0
27 9424 0
28 9262 0
29 9254 0
30 9176 0
31 9178 0
32 9218 0
33 9184 5.44425e-05
34 9134 0.000109481
35 9212 0.000108554
36 9292 0.000161429
37 9266 0.000269804
38 9208 0.000380104
39 9208 0.000271503
40 9128 0.000219106
41 9320 0.000429185
42 9398 0.000266014
43 9458 0
44 9414 0
45 9422 0
46 9236 0
47 9410 5.3135e-05
48 9384 5.32822e-05
49 9270 0
50 9352 0
51 9258 0
52 9246 0
53 9138 5.47166e-05
54 9042 0
55 9146 0
56 9134 0
57 9300 0
58 9300 0
59 9402 0
60 9494 0.00010533
61 9552 0
62 9756 0
63 9632 0
64 9680 0
65 9492 0
66 9496 0
67 9502 0
68 9398 0
69 9516 0
70 9480 0
71 9634 0
72 9734 5.13663e-05
73 9840 0
74 9558 0
75 9554 0
76 9390 0
77 9436 0
78 9302 0
79 9266 0
80 9326 0
81 9390 5.32481e-05
82 9416 0.000106202
83 9474 5.2776e-05
84 9546 0.000104756
85 9602 0
86 9554 0
87 9626 0
88 9526 0
89 9626 0
90 9774 0
91 9868 0
92 9686 0
93 9774 0
94 9740 5.13347e-05
95 9736 0.000102712
96 9682 0.000154927
97 9598 0.000208377
98 9644 0.000207383
99 9760 0.000256148
100 9602 0.000104145
101 9556 5.23231e-05
102 9538 0.000104844
103 9540 5.24109e-05
104 9474 0
105 9472 0
106 9450 0
107 9420 0
108 9418 0
109 9346 0
110 9530 0
111 9494 0
112 9486 0
113 9330 0
114 9442 0
115 9672 0
116 9638 0
117 9624 0
118 9692 0
119 9652 0
120 9714 0
121 9836 0
122 9692 0
123 9792 0
124 10000 5e-05
125 9786 0.000102187
126 9750 0.000102564
127 9648 0.000103648
128 9724 0
129 9830 0
130 9906 0
131 9998 0
132 9922 0
133 9890 0
134 9948 0
135 9832 0
136 9896 0
137 10000 0
138 10000 0
139 9932 0
140 10000 0
141 9998 0
142 9958 0
143 9870 0
144 9908 0
145 10000 0
146 9894 0
147 9756 0
148 9740 0
149 9732 0
150 9754 0
151 9636 0
152 9696 0
153 9636 0
154 9742 5.13242e-05
155 9726 0.000205634
156 9826 0.000356198
157 9808 0.000713703
158 10000 0.00085
159 9886 0.000859802
160 9874 0.000911485
161 9916 0.000554659
162 10000 0.00075
163 10000 0.00105
164 9962 0.000853242
165 10000 0.00075
166 10000 0.0007
167 9984 0.000751202
168 9870 0.000861196
169 9792 0.000868056
170 9886 0.00106211
171 9740 0.000975359
172 9586 0.0019299
173 9708 0.00159662
174 9722 0.00144003
175 9814 0.00183411
176 9764 0.00168988
177 9816 0.00168093
178 9654 0.000932256
179 9552 0.000732831
180 9658 0.000621247
181 9446 0.000264662
182 9476 0.000263824
183 9578 0.000417624
184 9660 0.000621118
185 9696 0.000773515
186 9954 0.00100462
187 10000 0.00125
188 10000 0.00165
189 10000 0.0022
190 10000 0.00205
191 10000 0.00165
192 10000 0.0015
193 10000 0.0016
194 10000 0.0012
195 9986 0.00160224
196 10000 0.0013
197 10000 0.00125
198 9896 0.000959984
199 9674 0.00124044
200 9660 0.00113872
201 9612 0.00104037
202 9642 0.000933416
203 9630 0.000778816
204 9526 0.000839807
205 9592 0.00109466
206 9702 0.00118532
207 9590 0.000990615
208 9554 0.00130835
209 9630 0.00150571
210 9666 0.000775916
211 9682 0.000361496
212 9766 0.000409584
213 9874 0.000354466
214 9796 0.000306247
215 9878 0.000556793
216 10000 0.00085
217 9828 0.000712251
218 9794 0.000867878
219 9758 0.00061488
220 9740 0.000924025
221 9836 0.00111834
222 9816 0.00132437
223 9906 0.00136281
224 9972 0.0021059
225 9840 0.00279472
226 9860 0.00248479
227 9770 0.00342886
228 9850 0.00385787
229 9804 0.00362097
230 9888 0.00338794
231 9896 0.002981
232 9998 0.00265053
233 10000 0.00275
234 10000 0.00295
235 9976 0.00330794
236 9924 0.00302297
237 9928 0.00347502
238 9990 0.00415415
239 10000 0.00525
240 9938 0.00598712
241 10000 0.0057
242 9966 0.00416416
243 10000 0.0044
244 9824 0.00412256
245 9828 0.00396825
246 9692 0.00531366
247 9794 0.0061262
248 9866 0.00744983
249 9890 0.00697674
250 9892 0.00732915
251 10000 0.0077
252 10000 0.00585
253 10000 0.0059
254 9978 0.00661455
255 10000 0.00785
256 9926 0.00871449
257 9834 0.00981289
258 9892 0.0108674
259 9882 0.0134588
260 9960 0.0148092
261 10000 0.0165
262 9970 0.0187563
263 9948 0.0209087
264 10000 0.0227
265 10000 0.023
266 10000 0.0239
267 10000 0.0238
268 9986 0.0259864
269 10000 0.02715
270 10000 0.0302
271 10000 0.032
272 10000 0.0336
273 9922 0.0349224
274 9932 0.0396698
275 10000 0.0411
276 9922 0.0484277
277 9990 0.0513013
278 10000 0.05595
279 10000 0.05865
280 10000 0.0579
281 10000 0.0644
282 10000 0.0685
283 9974 0.0741428
284 9992 0.0795637
285 10000 0.0797
286 10000 0.08075
287 10000 0.08345
288 10000 0.08655
289 10000 0.0892
290 9976 0.0959804
291 10000 0.10635
292 10000 0.11465
293 10000 0.1263
294 10000 0.1362
295 10000 0.1405
296 9918 0.147157
297 10000 0.16315
298 10000 0.1682
299 10000 0.17785
300 10000 0.18705
301 10000 0.20005
302 9982 0.212583
303 10000 0.2289
304 10000 0.24505
305 10000 0.2607
306 10000 0.2703
307 10000 0.2788
308 10000 0.2909
309 10000 0.30455
310 10000 0.31375
311 10000 0.3234
312 10000 0.3313
313 10000 0.3431
314 10000 0.35115
315 10000 0.37
316 10000 0.37505
317 10000 0.38435
318 10000 0.39885
319 10000 0.4106
320 10000 0.429
321 10000 0.4498
322 10000 0.4609
323 10000 0.47515
324 10000 0.48905
325 10000 0.50955
326 10000 0.5268
327 10000 0.53825
328 10000 0.5539
329 10000 0.5683
330 10000 0.5771
331 10000 0.59175
332 10000 0.5999
333 10000 0.61285
334 10000 0.62055
335 10000 0.6356
336 10000 0.6563
337 10000 0.67265
338 10000 0.693
339 10000 0.70745
340 10000 0.72175
341 10000 0.73095
342 10000 0.741
343 10000 0.76095
344 10000 0.77405
345 10000 0.79005
346 10000 0.8001
347 10000 0.81
348 10000 0.81735
349 10000 0.82325
350 10000 0.8273
351 10000 0.8398
352 10000 0.8465
353 10000 0.8543
354 10000 0.8591
355 10000 0.8681
356 10000 0.8716
357 10000 0.8813
358 10000 0.88705
359 10000 0.89435
360 10000 0.9001
361 10000 0.907
362 10000 0.9076
363 10000 0.9117
364 10000 0.9196
365 10000 0.9311
366 10000 0.9358
367 10000 0.93945
368 10000 0.94295
369 10000 0.9454
370 10000 0.9476
371 10000 0.95165
372 10000 0.95395
373 10000 0.9554
374 10000 0.9574
375 10000 0.95665
376 10000 0.9593
377 10000 0.9628
378 10000 0.9628
379 10000 0.9667
380 10000 0.9655
381 10000 0.96925
382 10000 0.97215
383 10000 0.9731
384 10000 0.97695
385 10000 0.97695
386 10000 0.9772
387 10000 0.97505
388 10000 0.9764
389 10000 0.9783
390 10000 0.9794
391 10000 0.98215
392 10000 0.9832
393 10000 0.9836
394 10000 0.9863
395 10000 0.988
396 10000 0.99055
397 10000 0.98995
398 10000 0.98995
399 10000 0.9897
400 10000 0.99025
401 10000 0.9909
402 10000 0.99265
403 10000 0.99265
404 10000 0.99255
405 10000 0.9941
406 10000 0.9953
407 10000 0.99665
408 10000 0.997
409 10000 0.9971
410 10000 0.99735
411 10000 0.9971
412 10000 0.99775
413 10000 0.99705
414 10000 0.99805
415 10000 0.9983
416 10000 0.99835
417 10000 0.99845
418 10000 0.99865
419 10000 0.9988
420 10000 0.99895
421 10000 0.9987
422 10000 0.99895
423 10000 0.9991
424 10000 0.99955
425 10000 0.9997
426 10000 0.9997
427 10000 0.99995
428 10000 1
