t n p
0 10000 0
1 10000 5e-05
2 9824 0
3 9654 0
4 9636 0
5 9698 0
6 9542 0
7 9420 0
8 9390 0
9 9362 0
10 9178 5.44781e-05
11 9086 0.000220119
12 9172 0.000272569
13 9116 5.48486e-05
14 9272 0.000215703
15 9346 0.000213995
16 9254 0.000324184
17 9252 0.000216169
18 9278 0.000323346
19 9332 0.000267895
20 9328 0.000482419
21 9348 0.000641849
22 9322 0.000375456
23 9306 0.000698474
24 9386 0.000745792
25 9472 0.000475084
26 9620 0.000467775
27 9646 0.000570185
28 9624 0.000675395
29 9642 0.000207426
30 9694 0.000361048
31 9800 0.000612245
32 9808 0.000509788
33 9764 0.000614502
34 9628 0.000934774
35 9674 0.00118875
36 9756 0.00123001
37 9736 0.000924404
38 9832 0.00116965
39 9814 0.000917057
40 9880 0.00101215
41 9962 0.00145553
42 10000 0.00155
43 10000 0.00135
44 10000 0.0011
45 10000 0.0011
46 10000 0.00145
47 9952 0.00205989
48 9906 0.00191803
49 9874 0.00207616
50 9938 0.00186154
51 9932 0.00151027
52 9984 0.00115184
53 9928 0.00135979
54 9938 0.0012578
55 10000 0.00115
56 9862 0.00131819
57 9950 0.00150754
58 10000 0.00195
59 9916 0.00156313
60 9920 0.00241935
61 9724 0.00251954
62 9766 0.00307188
63 9792 0.00362541
64 9844 0.00507924
65 9980 0.00596192
66 10000 0.0056
67 9930 0.00488419
68 9948 0.00542823
69 9962 0.00582212
70 10000 0.00755
71 10000 0.00875
72 9948 0.00980097
73 9986 0.0113158
74 9980 0.0135271
75 9814 0.013654
76 9764 0.0154138
77 9686 0.0172414
78 9608 0.0157161
79 9600 0.0157813
80 9572 0.0170288
81 9452 0.0177211
82 9418 0.0179975
83 9524 0.0191096
84 9578 0.0188975
85 9576 0.0197891
86 9636 0.0215857
87 9616 0.0224626
88 9620 0.0252599
89 9580 0.0244259
90 9772 0.0260438
91 9866 0.0264545
92 9850 0.0290355
93 9946 0.0301126
94 9960 0.0308735
95 10000 0.0303
96 10000 0.03535
97 10000 0.0353
98 10000 0.0381
99 9968 0.042185
100 9954 0.0444043
101 10000 0.0498
102 9954 0.0508841
103 10000 0.05465
104 9982 0.058355
105 10000 0.06245
106 10000 0.0645
107 10000 0.0694
108 10000 0.0719
109 9948 0.0804182
110 10000 0.0817
111 9976 0.0877606
112 10000 0.0922
113 10000 0.09855
114 10000 0.10855
115 10000 0.1123
116 10000 0.12295
117 10000 0.13055
118 10000 0.14375
119 10000 0.15065
120 10000 0.1553
121 10000 0.16595
122 10000 0.1698
123 10000 0.18035
124 10000 0.18295
125 10000 0.1962
126 10000 0.20605
127 10000 0.21855
128 10000 0.2317
129 10000 0.23965
130 10000 0.26195
131 10000 0.27535
132 10000 0.29065
133 10000 0.3078
134 10000 0.3169
135 10000 0.3229
136 10000 0.3325
137 10000 0.34275
138 10000 0.35655
139 10000 0.3671
140 10000 0.3768
141 10000 0.39015
142 10000 0.4011
143 10000 0.4159
144 10000 0.4297
145 10000 0.44305
146 10000 0.46655
147 10000 0.48815
148 10000 0.5077
149 10000 0.52335
150 10000 0.531
151 10000 0.5414
152 10000 0.553
153 10000 0.5623
154 10000 0.576
155 10000 0.59425
156 10000 0.60935
157 10000 0.6216
158 10000 0.6365
159 10000 0.6525
160 10000 0.6643
161 10000 0.67425
162 10000 0.691
163 10000 0.69755
164 10000 0.7078
165 10000 0.72225
166 10000 0.7305
167 10000 0.73805
168 10000 0.7492
169 10000 0.7639
170 10000 0.77155
171 10000 0.78955
172 10000 0.7971
173 10000 0.80955
174 10000 0.8178
175 10000 0.82855
176 10000 0.8324
177 10000 0.84065
178 10000 0.84785
179 10000 0.853
180 10000 0.85905
181 10000 0.8637
182 10000 0.86945
183 10000 0.8715
184 10000 0.87135
185 10000 0.87895
186 10000 0.88085
187 10000 0.8919
188 10000 0.8953
189 10000 0.90305
190 10000 0.90305
191 10000 0.90925
192 10000 0.9165
193 10000 0.9227
194 10000 0.93195
195 10000 0.93615
196 10000 0.93965
197 10000 0.9466
198 10000 0.9501
199 10000 0.95465
200 10000 0.9577
201 10000 0.9598
202 10000 0.9648
203 10000 0.96935
204 10000 0.97225
205 10000 0.9765
206 10000 0.97845
207 10000 0.97875
208 10000 0.9812
209 10000 0.983
210 10000 0.9824
211 10000 0.9826
212 10000 0.98455
213 10000 0.9846
214 10000 0.9848
215 10000 0.98685
216 10000 0.98875
217 10000 0.9892
218 10000 0.98865
219 10000 0.9894
220 10000 0.9905
221 10000 0.9905
222 10000 0.99115
223 10000 0.99065
224 10000 0.9915
225 10000 0.99145
226 10000 0.99155
227 10000 0.9917
228 10000 0.99255
229 10000 0.99265
230 10000 0.9929
231 10000 0.9945
232 10000 0.9953
233 10000 0.99535
234 10000 0.99625
235 10000 0.9968
236 10000 0.9961
237 10000 0.99585
238 10000 0.99655
239 10000 0.9963
240 10000 0.9973
241 10000 0.9964
242 10000 0.9966
243 10000 0.99745
244 10000 0.99825
245 10000 0.99845
246 10000 0.9985
247 10000 0.99885
248 10000 0.9991
249 10000 0.99915
250 10000 0.99905
251 10000 0.9991
252 10000 0.9992
253 10000 0.99875
254 10000 0.9981
255 10000 0.99835
256 10000 0.99855
257 10000 0.9983
258 10000 0.99835
259 10000 0.9979
260 10000 0.9987
261 10000 0.9987
262 10000 0.9985
263 10000 0.99885
264 10000 0.9991
265 10000 0.99915
266 10000 0.9985
267 10000 0.9987
268 10000 0.9986
269 10000 0.9983
270 10000 0.9985
271 10000 0.99865
272 10000 0.99915
273 10000 0.999
274 10000 0.9994
275 10000 0.99905
276 10000 0.99865
277 10000 0.9989
278 10000 0.9991
279 10000 0.9991
280 10000 0.99915
281 10000 0.99945
282 10000 0.9996
283 10000 0.99985
284 10000 1
