t n p
0 10000 5e-05
1 10000 0
2 10000 0
3 9904 0
4 9898 0
5 9906 0
6 9872 0
7 9904 0
8 9758 0
9 9728 0
10 9766 0
11 9746 0
12 9886 0
13 9988 0
14 10000 0
15 10000 0
16 9848 0
17 9932 5.03423e-05
18 9916 5.04236e-05
19 9790 0.000102145
20 9632 0.000103821
21 9602 0.000104145
22 9594 0
23 9682 0
24 9714 0
25 9762 0
26 9904 0
27 10000 0
28 9972 0
29 10000 0
30 10000 0
31 10000 0
32 9860 0
33 9950 0
34 9966 5.01706e-05
35 10000 5e-05
36 10000 0
37 9928 0
38 9834 0
39 9874 0
40 9740 0
41 9854 0
42 9828 0
43 9850 0
44 9890 0
45 9904 0
46 10000 0
47 9914 0
48 9886 5.05766e-05
49 9960 0.000150602
50 9898 0.000454637
51 9802 0.0005101
52 9714 0.000154416
53 9680 0.000103306
54 9692 5.15889e-05
55 9684 0
56 9690 0
57 9658 0
58 9572 0
59 9594 5.21159e-05
60 9634 0
61 9592 0
62 9528 0
63 9536 0
64 9388 0
65 9234 0
66 9184 0
67 9184 0
68 9054 0
69 9132 0
70 9186 0
71 9398 0
72 9436 0
73 9304 0
74 9370 0
75 9262 0
76 9112 0
77 9148 0
78 9038 0
79 8898 0
80 8930 0
81 8742 0
82 8758 0
83 8940 0
84 8960 0
85 9128 0
86 9038 0
87 9130 0
88 9062 0
89 9054 0
90 9042 0
91 8906 0
92 8990 0
93 9100 0
94 9166 0
95 9088 0
96 9208 0
97 9172 0
98 9102 0
99 9142 0
100 9228 0
101 9056 0
102 9066 0
103 9082 0
104 9216 0
105 9280 0
106 9220 0
107 9290 0
108 9186 0
109 9166 0
110 9034 0
111 8870 0
112 8778 0
113 8752 5.71298e-05
114 8766 5.70386e-05
115 8736 0.000171703
116 8718 5.73526e-05
117 8654 5.77768e-05
118 8632 0.000115848
119 8598 5.81531e-05
120 8630 5.79374e-05
121 8748 0.000228624
122 8662 0.000115447
123 8638 5.78838e-05
124 8676 0.00011526
125 8644 0.000173531
126 8586 5.82343e-05
127 8462 0
128 8542 0
129 8458 5.91156e-05
130 8360 0
131 8316 0
132 8266 0
133 8256 0
134 8448 0
135 8296 0
136 8296 0
137 8268 0
138 8328 0
139 8162 0
140 8128 0
141 8020 0
142 7948 0
143 8016 6.23752e-05
144 8048 0
145 7962 0
146 7860 0
147 7822 0
148 7792 0
149 7830 0
150 7854 0
151 7804 0
152 7728 0
153 7722 0
154 7662 6.52571e-05
155 7636 0.000130959
156 7658 0
157 7650 6.53595e-05
158 7638 0.000196386
159 7432 0.000269107
160 7416 0.000269687
161 7368 0.000610749
162 7310 0.000478796
163 7404 0.000472717
164 7498 0.000200053
165 7570 0
166 7528 0
167 7456 6.70601e-05
168 7514 6.65425e-05
169 7614 0.000197006
170 7460 0.000134048
171 7378 0.000271076
172 7360 0.000475543
173 7346 0.000136129
174 7380 0.000135501
175 7566 6.60851e-05
176 7526 0.000132873
177 7456 0.00020118
178 7410 0.000404858
179 7350 0.000408163
180 7268 0.000619152
181 7050 0.000638298
182 7246 0.000276014
183 7232 0.000898783
184 7384 0.000880282
185 7534 0.00152641
186 7654 0.00182911
187 7570 0.00184941
188 7708 0.00207577
189 7632 0.00163784
190 7762 0.00128833
191 7788 0.00121983
192 7882 0.00171276
193 7940 0.00151134
194 8050 0.00142857
195 8080 0.00235149
196 8012 0.00274588
197 8068 0.00316063
198 8292 0.00361795
199 8184 0.00366569
200 8142 0.00509703
201 8082 0.00532047
202 8036 0.00609756
203 7878 0.00685453
204 7890 0.00760456
205 7708 0.00804359
206 7660 0.00894256
207 7788 0.0120699
208 7708 0.0127141
209 7676 0.0114643
210 7590 0.0131094
211 7706 0.012912
212 7814 0.0124776
213 7816 0.0147774
214 7712 0.0149118
215 7740 0.0160207
216 7764 0.0150696
217 7674 0.0156372
218 7598 0.0163201
219 7582 0.0143102
220 7680 0.0148437
221 7686 0.0177596
222 7766 0.0203451
223 7948 0.0198163
224 8080 0.0235767
225 7944 0.0249245
226 7928 0.0280651
227 7970 0.0273526
228 8054 0.0322821
229 8216 0.0331061
230 8318 0.0357057
231 8258 0.0388714
232 8224 0.04116
233 8342 0.0433349
234 8466 0.0473659
235 8666 0.0484076
236 8746 0.0528241
237 8800 0.0564773
238 8900 0.0604494
239 9002 0.06493
240 9138 0.0717881
241 9228 0.0763979
242 9192 0.0818647
243 9394 0.0857462
244 9360 0.0911859
245 9242 0.0975979
246 9394 0.103098
247 9390 0.107348
248 9400 0.11117
249 9446 0.124656
250 9680 0.130475
251 9846 0.132541
252 9942 0.139006
253 10000 0.14245
254 10000 0.1524
255 10000 0.15905
256 10000 0.1736
257 10000 0.18565
258 10000 0.19455
259 10000 0.20615
260 10000 0.21285
261 10000 0.22555
262 10000 0.2371
263 10000 0.24705
264 10000 0.2579
265 10000 0.27605
266 10000 0.2887
267 10000 0.3034
268 10000 0.3201
269 10000 0.33185
270 10000 0.3489
271 10000 0.36775
272 10000 0.3761
273 10000 0.4011
274 10000 0.42405
275 10000 0.4352
276 10000 0.4443
277 10000 0.46245
278 10000 0.4794
279 10000 0.49775
280 10000 0.51605
281 10000 0.52525
282 10000 0.54115
283 10000 0.5667
284 10000 0.58545
285 10000 0.603
286 10000 0.6186
287 10000 0.6338
288 10000 0.6454
289 10000 0.6592
290 10000 0.67805
291 10000 0.6885
292 10000 0.69605
293 10000 0.70305
294 10000 0.71805
295 10000 0.7325
296 10000 0.7456
297 10000 0.75305
298 10000 0.7641
299 10000 0.7779
300 10000 0.788
301 10000 0.7987
302 10000 0.80445
303 10000 0.81255
304 10000 0.82455
305 10000 0.8328
306 10000 0.83855
307 10000 0.84565
308 10000 0.85945
309 10000 0.86745
310 10000 0.87495
311 10000 0.8833
312 10000 0.8895
313 10000 0.8928
314 10000 0.89985
315 10000 0.9064
316 10000 0.9131
317 10000 0.92295
318 10000 0.92515
319 10000 0.92765
320 10000 0.9308
321 10000 0.9346
322 10000 0.93605
323 10000 0.94225
324 10000 0.9461
325 10000 0.95175
326 10000 0.9502
327 10000 0.9512
328 10000 0.9525
329 10000 0.9557
330 10000 0.95735
331 10000 0.96075
332 10000 0.9612
333 10000 0.9651
334 10000 0.9706
335 10000 0.9743
336 10000 0.9751
337 10000 0.97785
338 10000 0.9797
339 10000 0.9798
340 10000 0.98315
341 10000 0.98545
342 10000 0.98705
343 10000 0.98765
344 10000 0.9892
345 10000 0.99015
346 10000 0.99125
347 10000 0.9924
348 10000 0.99265
349 10000 0.99315
350 10000 0.9955
351 10000 0.99595
352 10000 0.9964
353 10000 0.99645
354 10000 0.99635
355 10000 0.9962
356 10000 0.99505
357 10000 0.9963
358 10000 0.997
359 10000 0.9965
360 10000 0.99795
361 10000 0.9974
362 10000 0.99765
363 10000 0.99755
364 10000 0.9977
365 10000 0.99815
366 10000 0.9983
367 10000 0.9983
368 10000 0.9988
369 10000 0.9988
370 10000 0.99855
371 10000 0.99875
372 10000 0.9988
373 10000 0.99925
374 10000 0.99925
375 10000 0.9996
376 10000 0.9994
377 10000 0.9991
378 10000 0.9994
379 10000 0.99895
380 10000 0.99845
381 10000 0.9979
382 10000 0.9984
383 10000 0.9987
384 10000 0.999
385 10000 0.99915
386 10000 0.99955
387 10000 0.9996
388 10000 0.99935
389 10000 0.99895
390 10000 0.9989
391 10000 0.999
392 10000 0.9994
393 10000 0.99945
394 10000 0.99955
395 10000 0.99965
396 10000 0.99985
397 10000 0.9999
398 10000 0.9999
399 10000 0.99995
400 10000 1
