t n p
1 10000 0
2 9886 0
3 9696 0
4 9704 0
5 9702 0
6 9694 0
7 9804 0
8 9800 0
9 9870 0
10 9812 0
11 9942 5.02917e-05
12 10000 0.00015
13 9688 0.000206441
14 9682 0.000516422
15 9732 0.000411015
16 9732 0.000256885
17 9622 0.000259821
18 9582 0.000260906
19 9558 0.000418498
20 9630 0.000571132
21 9648 0.000570066
22 9690 0.000309598
23 9674 0.000258425
24 9576 0.000156642
25 9466 0.000264103
26 9490 0.000474183
27 9648 0.000932836
28 9540 0.00120545
29 9484 0.00126529
30 9466 0.00100359
31 9458 0.000370057
32 9342 0.000214087
33 9400 0.000159574
34 9316 0.000214684
35 9296 0.000484079
36 9302 0.000698774
37 9054 0.000938812
38 9020 0.00127494
39 9170 0.00158124
40 9204 0.00173837
41 9172 0.0015809
42 9410 0.00159405
43 9396 0.00133035
44 9216 0.00157335
45 9290 0.00134553
46 9272 0.00172563
47 9206 0.00184662
48 9170 0.00207197
49 9296 0.00247418
50 9260 0.00361771
51 9310 0.00418904
52 9306 0.00349237
53 9432 0.00408185
54 9480 0.00448312
55 9426 0.00461489
56 9278 0.00458073
57 9268 0.00426198
58 9390 0.00505857
59 9336 0.00578406
60 9328 0.00659305
61 9328 0.00648585
62 9218 0.00726839
63 9160 0.00889738
64 9324 0.00884813
65 9452 0.00809353
66 9478 0.00764929
67 9516 0.006095
68 9500 0.00578947
69 9464 0.00633981
70 9406 0.00664469
71 9436 0.00683552
72 9374 0.00698741
73 9482 0.00922801
74 9506 0.0107827
75 9494 0.010849
76 9436 0.0122933
77 9348 0.0103766
78 9382 0.0106054
79 9246 0.0116807
80 9262 0.0132801
81 9174 0.0152605
82 9242 0.01504
83 9286 0.0177148
84 9186 0.0197583
85 9188 0.0177949
86 9156 0.018294
87 9102 0.0190617
88 9050 0.019337
89 9172 0.0222961
90 9216 0.0268012
91 9120 0.0272478
92 9222 0.0257536
93 9090 0.0285479
94 9238 0.0331782
95 9314 0.0356453
96 9308 0.0391061
97 9274 0.0390339
98 9326 0.0404782
99 9338 0.0404262
100 9426 0.0427541
101 9260 0.0465443
102 9322 0.0480047
103 9254 0.0557597
104 9418 0.0597261
105 9388 0.0637516
106 9414 0.0720204
107 9498 0.07749
108 9442 0.0795382
109 9486 0.0781151
110 9568 0.0807901
111 9586 0.0871584
112 9772 0.0914347
113 9856 0.0919237
114 10000 0.09045
115 10000 0.09515
116 10000 0.0981
117 10000 0.09985
118 10000 0.10675
119 10000 0.1098
120 10000 0.1166
121 10000 0.1278
122 10000 0.1351
123 10000 0.14375
124 10000 0.14705
125 10000 0.1549
126 10000 0.1599
127 10000 0.1717
128 9994 0.178757
129 10000 0.19375
130 10000 0.19735
131 10000 0.20755
132 10000 0.20925
133 10000 0.2176
134 10000 0.23235
135 10000 0.24825
136 10000 0.26385
137 10000 0.2692
138 10000 0.2806
139 10000 0.2915
140 10000 0.3057
141 10000 0.3117
142 10000 0.33185
143 10000 0.3423
144 10000 0.35745
145 10000 0.37655
146 10000 0.39745
147 10000 0.4126
148 10000 0.42885
149 10000 0.44795
150 10000 0.4617
151 10000 0.4756
152 10000 0.49665
153 10000 0.509
154 10000 0.5192
155 10000 0.5394
156 10000 0.5484
157 10000 0.5657
158 10000 0.5828
159 10000 0.59555
160 10000 0.61115
161 10000 0.63095
162 10000 0.6437
163 10000 0.658
164 10000 0.6722
165 10000 0.68985
166 10000 0.7075
167 10000 0.7233
168 10000 0.7422
169 10000 0.75685
170 10000 0.75935
171 10000 0.7713
172 10000 0.77965
173 10000 0.7895
174 10000 0.7923
175 10000 0.80025
176 10000 0.81015
177 10000 0.81945
178 10000 0.82935
179 10000 0.8356
180 10000 0.84075
181 10000 0.85115
182 10000 0.86245
183 10000 0.8704
184 10000 0.8772
185 10000 0.88775
186 10000 0.8925
187 10000 0.899
188 10000 0.9035
189 10000 0.90805
190 10000 0.9089
191 10000 0.91475
192 10000 0.91815
193 10000 0.92275
194 10000 0.92785
195 10000 0.93295
196 10000 0.9354
197 10000 0.93675
198 10000 0.93605
199 10000 0.9378
200 10000 0.9392
201 10000 0.9435
202 10000 0.94505
203 10000 0.94855
204 10000 0.9521
205 10000 0.95715
206 10000 0.96055
207 10000 0.9622
208 10000 0.96185
209 10000 0.96245
210 10000 0.96475
211 10000 0.9674
212 10000 0.9702
213 10000 0.9735
214 10000 0.9751
215 10000 0.9748
216 10000 0.97585
217 10000 0.97815
218 10000 0.98135
219 10000 0.98125
220 10000 0.9832
221 10000 0.9838
222 10000 0.98425
223 10000 0.9856
224 10000 0.9858
225 10000 0.98515
226 10000 0.98545
227 10000 0.98745
228 10000 0.98735
229 10000 0.9875
230 10000 0.98705
231 10000 0.9869
232 10000 0.98755
233 10000 0.98975
234 10000 0.9907
235 10000 0.99175
236 10000 0.99265
237 10000 0.9917
238 10000 0.99315
239 10000 0.994
240 10000 0.994
241 10000 0.9949
242 10000 0.9947
243 10000 0.99535
244 10000 0.99515
245 10000 0.99515
246 10000 0.9953
247 10000 0.9954
248 10000 0.9955
249 10000 0.9966
250 10000 0.9968
251 10000 0.9968
252 10000 0.9962
253 10000 0.99515
254 10000 0.99475
255 10000 0.9957
256 10000 0.9944
257 10000 0.99415
258 10000 0.99525
259 10000 0.9958
260 10000 0.99605
261 10000 0.9968
262 10000 0.99725
263 10000 0.99745
264 10000 0.99825
265 10000 0.9984
266 10000 0.9987
267 10000 0.9988
268 10000 0.99845
269 10000 0.99895
270 10000 0.99895
271 10000 0.9993
272 10000 0.99925
273 10000 0.9997
274 10000 0.9998
275 10000 0.9998
276 10000 0.9999
277 10000 1
