t n p
1 10000 0
2 9982 0
3 9816 0
4 9864 0
5 9788 0
6 9740 0
7 9636 0
8 9706 5.15145e-05
9 9724 0.000257096
10 9712 0
11 9704 0
12 9814 0
13 9732 0
14 9712 0
15 9780 0
16 9684 0
17 9618 0
18 9594 0
19 9462 0
20 9386 0
21 9302 0
22 9294 0
23 9428 0
24 9302 0
25 9386 0
26 9372 0
27 9468 0
28 9432 0
29 9288 0
30 9366 0
31 9266 0
32 9352 0
33 9292 0
34 9216 0
35 9274 5.39142e-05
36 9098 0.000164871
37 9174 0.000163506
38 9174 0
39 9018 0
40 9000 0
41 9034 0
42 9122 0
43 9202 0
44 9144 0
45 9060 0
46 9070 0
47 9084 0
48 9080 0
49 8910 0
50 9020 0
51 8984 0
52 9048 0
53 8890 0
54 8764 0
55 8838 0
56 8918 0
57 8992 5.5605e-05
58 9030 0
59 8848 0
60 8942 0
61 8862 0
62 8970 0
63 9020 5.54324e-05
64 9074 0.000110205
65 9144 0
66 9164 0
67 9088 0
68 8970 0
69 9028 0
70 8956 0
71 8912 5.61041e-05
72 8846 0.000169568
73 8790 0.000113766
74 8932 0
75 9090 0
76 9076 0
77 8978 0
78 8928 0
79 8928 0
80 8898 0
81 9032 0
82 9090 0
83 9078 0
84 9242 0
85 9172 0
86 9332 0
87 9420 5.30786e-05
88 9518 0.000105064
89 9476 0
90 9690 0
91 9672 5.16956e-05
92 9840 0.000152439
93 9832 0.000305126
94 9838 0.00060988
95 9694 0.000876831
96 9684 0.000464684
97 9770 0.000460594
98 9776 0.000255728
99 9720 0.000411523
100 9554 0.000523341
101 9722 0.000668587
102 9746 0.000718243
103 9698 0.000824912
104 9694 0.00123788
105 9664 0.00150041
106 9800 0.00142857
107 9996 0.00145058
108 9842 0.00101605
109 9928 0.0012087
110 9934 0.00110731
111 9850 0.000659898
112 9714 0.000463249
113 9672 0.00103391
114 9708 0.000875567
115 9540 0.00110063
116 9680 0.000826446
117 9664 0.000569123
118 9648 0.000829187
119 9698 0.00113425
120 9892 0.0012131
121 9902 0.00212078
122 9848 0.00289399
123 9680 0.00366736
124 9592 0.00469141
125 9618 0.00519859
126 9794 0.00576884
127 9790 0.00551583
128 9812 0.00662454
129 9838 0.0054381
130 9790 0.00750766
131 9774 0.0066503
132 9888 0.00718042
133 9948 0.00824286
134 10000 0.00965
135 10000 0.00885
136 9918 0.00796532
137 9944 0.00874899
138 10000 0.00785
139 9988 0.00911093
140 10000 0.00895
141 9922 0.00891957
142 9738 0.0091908
143 9764 0.00983204
144 9748 0.0112331
145 9628 0.0104902
146 9558 0.0121364
147 9654 0.0109799
148 9644 0.0123393
149 9654 0.012948
150 9506 0.0134126
151 9448 0.012066
152 9594 0.0141755
153 9466 0.0139975
154 9438 0.0132973
155 9494 0.0124816
156 9458 0.0132163
157 9420 0.0142251
158 9286 0.0153995
159 9336 0.01762
160 9316 0.0178725
161 9336 0.0208869
162 9416 0.024161
163 9426 0.0251963
164 9406 0.0291303
165 9398 0.0273994
166 9610 0.0299688
167 9560 0.0312762
168 9682 0.034497
169 9762 0.0371338
170 9840 0.0399898
171 9540 0.0444444
172 9710 0.0473223
173 9680 0.0474174
174 9764 0.046651
175 9842 0.0476529
176 9944 0.0494268
177 9902 0.0485256
178 9854 0.0544449
179 10000 0.06045
180 9958 0.0627636
181 9952 0.0672729
182 10000 0.0691
183 10000 0.0759
184 10000 0.0805
185 10000 0.0828
186 10000 0.08405
187 10000 0.09095
188 9978 0.0992684
189 9956 0.106368
190 10000 0.11425
191 10000 0.12325
192 9978 0.133143
193 10000 0.14
194 10000 0.14765
195 10000 0.1496
196 10000 0.1593
197 10000 0.16935
198 10000 0.17415
199 10000 0.18965
200 10000 0.19645
201 10000 0.20845
202 10000 0.2253
203 10000 0.2303
204 10000 0.23825
205 10000 0.24725
206 10000 0.2559
207 10000 0.2648
208 10000 0.27765
209 10000 0.28825
210 10000 0.30475
211 10000 0.32215
212 10000 0.3377
213 10000 0.35185
214 10000 0.36585
215 10000 0.382
216 10000 0.3948
217 10000 0.4041
218 10000 0.4105
219 10000 0.42595
220 10000 0.4354
221 10000 0.4464
222 10000 0.4651
223 10000 0.47905
224 10000 0.4941
225 10000 0.51225
226 10000 0.52605
227 10000 0.5415
228 10000 0.558
229 10000 0.5774
230 10000 0.5934
231 10000 0.60695
232 10000 0.6202
233 10000 0.62475
234 10000 0.6369
235 10000 0.645
236 10000 0.65505
237 10000 0.67305
238 10000 0.68225
239 10000 0.6999
240 10000 0.7071
241 10000 0.71555
242 10000 0.7266
243 10000 0.7422
244 10000 0.75915
245 10000 0.7692
246 10000 0.7783
247 10000 0.7843
248 10000 0.79205
249 10000 0.7967
250 10000 0.807
251 10000 0.81105
252 10000 0.81955
253 10000 0.82335
254 10000 0.8369
255 10000 0.84755
256 10000 0.8573
257 10000 0.86605
258 10000 0.87105
259 10000 0.87285
260 10000 0.87805
261 10000 0.8856
262 10000 0.8938
263 10000 0.9017
264 10000 0.9072
265 10000 0.91025
266 10000 0.90985
267 10000 0.91585
268 10000 0.9208
269 10000 0.9229
270 10000 0.9206
271 10000 0.92645
272 10000 0.9325
273 10000 0.9323
274 10000 0.9402
275 10000 0.94295
276 10000 0.94645
277 10000 0.94865
278 10000 0.9523
279 10000 0.95525
280 10000 0.9585
281 10000 0.9602
282 10000 0.96305
283 10000 0.96515
284 10000 0.9672
285 10000 0.966
286 10000 0.9697
287 10000 0.97385
288 10000 0.978
289 10000 0.98
290 10000 0.9799
291 10000 0.9794
292 10000 0.9817
293 10000 0.9847
294 10000 0.98635
295 10000 0.98775
296 10000 0.99005
297 10000 0.99195
298 10000 0.99075
299 10000 0.99135
300 10000 0.9905
301 10000 0.9909
302 10000 0.99165
303 10000 0.9918
304 10000 0.9915
305 10000 0.9923
306 10000 0.99325
307 10000 0.99425
308 10000 0.9952
309 10000 0.995
310 10000 0.99335
311 10000 0.994
312 10000 0.9951
313 10000 0.99455
314 10000 0.99445
315 10000 0.99485
316 10000 0.9963
317 10000 0.99725
318 10000 0.9969
319 10000 0.9975
320 10000 0.99705
321 10000 0.9971
322 10000 0.99685
323 10000 0.9967
324 10000 0.9971
325 10000 0.9973
326 10000 0.99735
327 10000 0.9971
328 10000 0.9972
329 10000 0.9967
330 10000 0.99695
331 10000 0.99715
332 10000 0.9975
333 10000 0.9972
334 10000 0.9974
335 10000 0.99755
336 10000 0.99785
337 10000 0.99795
338 10000 0.9982
339 10000 0.9988
340 10000 0.9986
341 10000 0.99865
342 10000 0.998
343 10000 0.9982
344 10000 0.9982
345 10000 0.9982
346 10000 0.99815
347 10000 0.99855
348 10000 0.99935
349 10000 0.99965
350 10000 0.9993
351 10000 0.9997
352 10000 0.9999
353 10000 0.9999
354 10000 0.9998
355 10000 0.99965
356 10000 0.99975
357 10000 0.99985
358 10000 1
