t n p
1 10000 0
2 9928 0
3 9928 0
4 10000 5e-05
5 10000 0
6 10000 0
7 10000 5e-05
8 9900 0
9 9992 0
10 9920 0
11 9800 0
12 9776 0
13 9902 5.04948e-05
14 10000 0
15 10000 0
16 9924 5.03829e-05
17 9976 0.000150361
18 10000 5e-05
19 10000 0
20 10000 0
21 10000 0
22 10000 0
23 9822 0
24 9718 0
25 9700 0
26 9702 0
27 9760 0
28 9764 0
29 9736 0
30 9734 0
31 9526 0
32 9466 0
33 9472 0
34 9338 0
35 9312 0
36 9472 0
37 9412 0
38 9484 0
39 9520 0
40 9470 0
41 9556 0
42 9632 0
43 9582 0
44 9542 0
45 9668 0
46 9560 0
47 9432 0
48 9552 0
49 9624 0
50 9702 0
51 9518 0
52 9668 0
53 9624 0
54 9424 0
55 9580 5.21921e-05
56 9618 0
57 9508 0
58 9520 0
59 9610 5.20291e-05
60 9680 0
61 9660 0
62 9840 0
63 9936 0
64 10000 0
65 10000 5e-05
66 9930 0.000100705
67 9872 0.000151945
68 9700 0
69 9802 0
70 9920 0
71 9798 0
72 9728 0
73 9842 0
74 9952 0
75 10000 0
76 10000 0
77 9952 0
78 9870 0
79 9956 0
80 9796 0
81 9894 5.05357e-05
82 9664 0
83 9648 0
84 9698 0
85 9590 0
86 9454 0
87 9436 0
88 9296 0
89 9438 0
90 9332 5.35791e-05
91 9250 0.000108108
92 9330 0.000107181
93 9106 0
94 8982 0
95 9038 0
96 9098 0
97 9084 0
98 9146 0
99 9090 0
100 9062 0
101 9054 0
102 8932 5.59785e-05
103 8972 5.57289e-05
104 9076 5.50903e-05
105 8990 0
106 9000 0
107 8976 0
108 9040 0
109 8934 0
110 8902 0
111 9058 0
112 9014 0
113 9052 0
114 8978 0
115 9004 0
116 8766 0
117 8584 0
118 8468 0
119 8332 0
120 8406 0
121 8560 0
122 8698 0
123 8568 0
124 8498 0
125 8482 0
126 8240 0
127 8200 0
128 8236 6.07091e-05
129 8208 0
130 8244 0
131 8526 0
132 8610 0
133 8692 0
134 8652 0
135 8626 0
136 8558 0
137 8508 0
138 8480 0
139 8660 0
140 8560 5.84112e-05
141 8468 0
142 8498 0
143 8518 0
144 8628 0
145 8604 0
146 8656 0
147 8680 0
148 8730 0
149 8638 0
150 8848 5.65099e-05
151 8920 5.60538e-05
152 8928 0
153 8958 0
154 8896 0
155 8840 0
156 8716 0
157 8604 0
158 8612 0
159 8428 0
160 8420 0
161 8594 0
162 8734 5.72475e-05
163 8666 5.76967e-05
164 8556 0
165 8476 0
166 8650 5.78035e-05
167 8648 0.000173451
168 8692 0.000115048
169 8676 0.00011526
170 8666 0
171 8682 0
172 8718 0
173 8868 0
174 8814 0
175 8876 0
176 8954 0
177 8972 0
178 9080 0
179 9180 0
180 9144 0
181 9064 0
182 8998 0
183 8830 0
184 8790 0
185 8644 5.78436e-05
186 8606 0.000116198
187 8660 0.000288684
188 8654 0.000693321
189 8548 0.000818905
190 8526 0.000351865
191 8460 0.000413712
192 8606 0.000464792
193 8688 0.000575506
194 8640 0.000694444
195 8664 0.000923361
196 8614 0.000870676
197 8602 0.00058126
198 8578 0.000641175
199 8616 0.00075441
200 8552 0.00116932
201 8526 0.000645086
202 8682 0.000575904
203 8772 0.000626995
204 8756 0.00114207
205 9012 0.00105415
206 8804 0.0014766
207 8834 0.00226398
208 8800 0.00198864
209 8840 0.00248869
210 8820 0.0031746
211 8778 0.00336067
212 8780 0.00392938
213 8810 0.00431328
214 8798 0.00335303
215 8826 0.00277589
216 8892 0.00331759
217 8846 0.00361745
218 8818 0.00430937
219 8714 0.00424604
220 8680 0.00552995
221 8696 0.00534729
222 8714 0.00562314
223 8642 0.00688498
224 8852 0.00785133
225 8814 0.00941684
226 8700 0.00971264
227 8698 0.0105771
228 8828 0.0126303
229 8808 0.0132834
230 8810 0.0141884
231 8698 0.0146011
232 8578 0.0185358
233 8648 0.0212188
234 8598 0.0209933
235 8754 0.0236463
236 8846 0.0240222
237 8820 0.024093
238 8892 0.0255848
239 8966 0.0280504
240 8954 0.0293723
241 9062 0.0334363
242 9156 0.0356597
243 9052 0.0352408
244 9074 0.0339431
245 9080 0.034141
246 9072 0.0346671
247 9154 0.0393817
248 9256 0.0419188
249 9238 0.0464386
250 9322 0.0489165
251 9414 0.0527937
252 9506 0.0577004
253 9550 0.0570681
254 9594 0.0597769
255 9764 0.0664687
256 9970 0.0660983
257 9924 0.0672108
258 9984 0.0683594
259 10000 0.0745
260 10000 0.07755
261 10000 0.0835
262 10000 0.09195
263 10000 0.0985
264 10000 0.10265
265 10000 0.1137
266 10000 0.12025
267 10000 0.13085
268 10000 0.1445
269 10000 0.153
270 10000 0.15985
271 10000 0.1625
272 10000 0.16465
273 10000 0.16945
274 10000 0.18225
275 10000 0.1961
276 10000 0.20545
277 10000 0.2127
278 10000 0.21775
279 10000 0.22795
280 10000 0.24195
281 10000 0.2403
282 10000 0.252
283 10000 0.2588
284 10000 0.26865
285 10000 0.2828
286 10000 0.2938
287 10000 0.30205
288 10000 0.31645
289 10000 0.33035
290 10000 0.34345
291 10000 0.3509
292 10000 0.37035
293 10000 0.38025
294 10000 0.39585
295 10000 0.4088
296 10000 0.41535
297 10000 0.43125
298 10000 0.445
299 10000 0.4612
300 10000 0.4742
301 10000 0.49675
302 10000 0.52285
303 10000 0.5401
304 10000 0.5598
305 10000 0.58705
306 10000 0.60755
307 10000 0.61935
308 10000 0.62535
309 10000 0.6418
310 10000 0.6574
311 10000 0.673
312 10000 0.68555
313 10000 0.6992
314 10000 0.7119
315 10000 0.72975
316 10000 0.7413
317 10000 0.75665
318 10000 0.77045
319 10000 0.77745
320 10000 0.7871
321 10000 0.79015
322 10000 0.80475
323 10000 0.816
324 10000 0.82265
325 10000 0.8288
326 10000 0.8343
327 10000 0.8433
328 10000 0.8591
329 10000 0.8681
330 10000 0.87635
331 10000 0.87985
332 10000 0.88455
333 10000 0.8934
334 10000 0.90365
335 10000 0.90955
336 10000 0.91315
337 10000 0.92005
338 10000 0.9273
339 10000 0.92995
340 10000 0.9328
341 10000 0.93635
342 10000 0.93975
343 10000 0.9418
344 10000 0.9379
345 10000 0.9393
346 10000 0.9425
347 10000 0.9448
348 10000 0.94465
349 10000 0.94985
350 10000 0.9552
351 10000 0.9606
352 10000 0.9655
353 10000 0.96675
354 10000 0.9685
355 10000 0.97355
356 10000 0.9748
357 10000 0.9777
358 10000 0.97715
359 10000 0.97855
360 10000 0.97905
361 10000 0.97845
362 10000 0.97915
363 10000 0.98005
364 10000 0.98125
365 10000 0.981
366 10000 0.9822
367 10000 0.9835
368 10000 0.9835
369 10000 0.98425
370 10000 0.98295
371 10000 0.98565
372 10000 0.9851
373 10000 0.98475
374 10000 0.9867
375 10000 0.98815
376 10000 0.98875
377 10000 0.99065
378 10000 0.9915
379 10000 0.9917
380 10000 0.9928
381 10000 0.99265
382 10000 0.99255
383 10000 0.99315
384 10000 0.9936
385 10000 0.99365
386 10000 0.9923
387 10000 0.99265
388 10000 0.99165
389 10000 0.9915
390 10000 0.9903
391 10000 0.99055
392 10000 0.9906
393 10000 0.99135
394 10000 0.991
395 10000 0.99
396 10000 0.99045
397 10000 0.99175
398 10000 0.99195
399 10000 0.99285
400 10000 0.9913
401 10000 0.99385
402 10000 0.9941
403 10000 0.99435
404 10000 0.99455
405 10000 0.9953
406 10000 0.9954
407 10000 0.9957
408 10000 0.9957
409 10000 0.99555
410 10000 0.99575
411 10000 0.9955
412 10000 0.9953
413 10000 0.99575
414 10000 0.99555
415 10000 0.99585
416 10000 0.99575
417 10000 0.9955
418 10000 0.99605
419 10000 0.99655
420 10000 0.997
421 10000 0.9966
422 10000 0.99735
423 10000 0.99825
424 10000 0.99825
425 10000 0.99795
426 10000 0.99825
427 10000 0.9983
428 10000 0.9986
429 10000 0.99875
430 10000 0.9991
431 10000 0.999
432 10000 0.9992
433 10000 0.9991
434 10000 0.99945
435 10000 0.9992
436 10000 0.9993
437 10000 0.9991
438 10000 0.9994
439 10000 0.9995
440 10000 0.9994
441 10000 0.99955
442 10000 0.9995
443 10000 0.9993
444 10000 0.9995
445 10000 0.9995
446 10000 0.9994
447 10000 0.9995
448 10000 0.99915
449 10000 0.9991
450 10000 0.9993
451 10000 0.9991
452 10000 0.9992
453 10000 0.99905
454 10000 0.9991
455 10000 0.9993
456 10000 0.999
457 10000 0.99875
458 10000 0.9983
459 10000 0.9984
460 10000 0.9984
461 10000 0.99835
462 10000 0.99825
463 10000 0.998
464 10000 0.9978
465 10000 0.99855
466 10000 0.99785
467 10000 0.9973
468 10000 0.9982
469 10000 0.9985
470 10000 0.99875
471 10000 0.99925
472 10000 0.99945
473 10000 0.99935
474 10000 0.9989
475 10000 0.9993
476 10000 0.99935
477 10000 0.9991
478 10000 0.99935
479 10000 0.9991
480 10000 0.99905
481 10000 0.99885
482 10000 0.99895
483 10000 0.99895
484 10000 0.9995
485 10000 0.9994
486 10000 0.99935
487 10000 0.99955
488 10000 0.99955
489 10000 0.9996
490 10000 0.9996
491 10000 0.99975
492 10000 1
