t n p
0 10000 0
1 9996 0
2 10000 0
3 10000 0
4 10000 0
5 9912 5.04439e-05
6 9692 0.000154767
7 9680 0.000154959
8 9682 0.000258211
9 9464 0.000422654
10 9334 0.000267838
11 9374 0.000266695
12 9452 0.000317393
13 9406 0.000265788
14 9578 0.000104406
15 9530 0
16 9664 0
17 9634 0
18 9674 0
19 9794 0
20 9758 0
21 9776 0
22 9800 0
23 9880 0
24 9926 0
25 10000 0
26 10000 0
27 10000 5e-05
28 10000 0
29 9976 0
30 9676 5.16742e-05
31 9598 0
32 9756 0
33 9662 0
34 9620 5.19751e-05
35 9572 0
36 9576 0
37 9610 0
38 9758 0
39 9906 0
40 10000 5e-05
41 9928 0
42 9874 0
43 9914 0
44 9794 0
45 9814 0
46 9716 0
47 9834 0
48 9726 0
49 9566 0
50 9712 0
51 9570 0
52 9560 0
53 9748 0
54 9766 0
55 9682 0
56 9700 5.15464e-05
57 9882 0
58 9954 0
59 9794 0
60 9914 5.04337e-05
61 10000 0.00015
62 9962 0.000301144
63 9940 0.000301811
64 9838 0.000406587
65 9888 0.000303398
66 9878 0.00020247
67 10000 0.0003
68 10000 0.0004
69 10000 0.00075
70 9930 0.00100705
71 9754 0.000973959
72 9892 0.00101092
73 9914 0.000857373
74 9676 0.000465068
75 9510 0.000315457
76 9610 0.000364204
77 9498 0.000368499
78 9588 5.21485e-05
79 9604 5.20616e-05
80 9704 5.15251e-05
81 9656 0
82 9664 0
83 9644 0
84 9662 0
85 9652 5.18027e-05
86 9778 5.11352e-05
87 9802 5.101e-05
88 9756 0.000102501
89 9802 5.101e-05
90 9874 0.000202552
91 9864 0.000202758
92 9934 0.000150997
93 9896 0.000353678
94 9900 0.00030303
95 9850 0.000253807
96 9778 5.11352e-05
97 9874 5.0638e-05
98 9948 0
99 10000 0
100 10000 0
101 10000 0
102 10000 0
103 10000 5e-05
104 10000 0
105 10000 0
106 9906 0
107 9860 5.07099e-05
108 9718 0.000205804
109 9812 0.000356706
110 9748 0.000410341
111 9682 0.000413138
112 9742 0.00061589
113 9630 0.000674974
114 9720 0.000617284
115 9656 0.000724938
116 9602 0.000937305
117 9568 0.0013587
118 9696 0.00118606
119 9648 0.00222844
120 9708 0.00247219
121 9796 0.00270519
122 9860 0.00273834
123 9892 0.0030833
124 9850 0.00335025
125 9768 0.00455569
126 9928 0.00468372
127 9704 0.00474031
128 9740 0.00451745
129 9700 0.00510309
130 9774 0.00675261
131 9642 0.00689691
132 9670 0.0065667
133 9760 0.00625
134 9764 0.00588898
135 9718 0.00725458
136 9654 0.0077688
137 9764 0.00742524
138 9926 0.00821076
139 9764 0.00931995
140 9646 0.0114555
141 9652 0.0133133
142 9824 0.0153705
143 9682 0.0170936
144 9722 0.019389
145 9878 0.0224236
146 9798 0.0235252
147 9866 0.0254916
148 10000 0.0291
149 10000 0.03025
150 10000 0.02945
151 9970 0.0317452
152 10000 0.0362
153 9984 0.0393129
154 10000 0.03855
155 10000 0.04145
156 10000 0.0456
157 10000 0.04645
158 10000 0.04785
159 10000 0.05015
160 10000 0.05585
161 10000 0.05875
162 10000 0.05955
163 10000 0.0622
164 10000 0.0647
165 10000 0.06675
166 10000 0.07555
167 10000 0.079
168 10000 0.0823
169 10000 0.0902
170 10000 0.09585
171 10000 0.09565
172 9992 0.101781
173 10000 0.10405
174 10000 0.1086
175 9996 0.111244
176 10000 0.1142
177 9996 0.121399
178 10000 0.1323
179 10000 0.13445
180 10000 0.14065
181 10000 0.14895
182 10000 0.16025
183 10000 0.17895
184 10000 0.18685
185 10000 0.20285
186 10000 0.21635
187 10000 0.2257
188 10000 0.23395
189 10000 0.24145
190 10000 0.2479
191 10000 0.2642
192 10000 0.27735
193 10000 0.2839
194 10000 0.2903
195 10000 0.3007
196 10000 0.3165
197 10000 0.3326
198 10000 0.34885
199 10000 0.3595
200 10000 0.3748
201 10000 0.38805
202 10000 0.3968
203 10000 0.41595
204 10000 0.4336
205 10000 0.4427
206 10000 0.4593
207 10000 0.47065
208 10000 0.4898
209 10000 0.5111
210 10000 0.5228
211 10000 0.53745
212 10000 0.5508
213 10000 0.56625
214 10000 0.57135
215 10000 0.58875
216 10000 0.60745
217 10000 0.62535
218 10000 0.64
219 10000 0.64535
220 10000 0.6625
221 10000 0.6766
222 10000 0.68795
223 10000 0.6951
224 10000 0.70355
225 10000 0.71195
226 10000 0.72295
227 10000 0.7354
228 10000 0.74665
229 10000 0.75545
230 10000 0.77345
231 10000 0.78985
232 10000 0.8021
233 10000 0.8153
234 10000 0.8243
235 10000 0.8388
236 10000 0.84825
237 10000 0.85065
238 10000 0.85485
239 10000 0.85995
240 10000 0.8688
241 10000 0.87105
242 10000 0.87755
243 10000 0.8853
244 10000 0.88675
245 10000 0.89105
246 10000 0.89835
247 10000 0.90485
248 10000 0.91185
249 10000 0.9137
250 10000 0.9176
251 10000 0.92225
252 10000 0.92775
253 10000 0.93035
254 10000 0.93525
255 10000 0.94005
256 10000 0.94445
257 10000 0.94515
258 10000 0.9471
259 10000 0.94955
260 10000 0.9503
261 10000 0.95815
262 10000 0.95675
263 10000 0.95835
264 10000 0.9607
265 10000 0.96035
266 10000 0.96175
267 10000 0.96565
268 10000 0.96725
269 10000 0.9706
270 10000 0.96885
271 10000 0.9708
272 10000 0.97125
273 10000 0.97285
274 10000 0.9731
275 10000 0.97505
276 10000 0.97605
277 10000 0.9771
278 10000 0.9787
279 10000 0.9799
280 10000 0.981
281 10000 0.9786
282 10000 0.979
283 10000 0.9795
284 10000 0.97955
285 10000 0.9812
286 10000 0.98295
287 10000 0.98295
288 10000 0.9835
289 10000 0.98475
290 10000 0.98475
291 10000 0.98625
292 10000 0.9881
293 10000 0.9895
294 10000 0.98875
295 10000 0.99095
296 10000 0.9906
297 10000 0.98995
298 10000 0.9911
299 10000 0.99265
300 10000 0.9915
301 10000 0.99115
302 10000 0.99265
303 10000 0.994
304 10000 0.99455
305 10000 0.9942
306 10000 0.99485
307 10000 0.9951
308 10000 0.9958
309 10000 0.9961
310 10000 0.9967
311 10000 0.9967
312 10000 0.9964
313 10000 0.9968
314 10000 0.99745
315 10000 0.99715
316 10000 0.9974
317 10000 0.99735
318 10000 0.9972
319 10000 0.99645
320 10000 0.99635
321 10000 0.9966
322 10000 0.99705
323 10000 0.9974
324 10000 0.9977
325 10000 0.99815
326 10000 0.99795
327 10000 0.9975
328 10000 0.99815
329 10000 0.99875
330 10000 0.99885
331 10000 0.99875
332 10000 0.99885
333 10000 0.99865
334 10000 0.99895
335 10000 0.9991
336 10000 0.9993
337 10000 0.99915
338 10000 0.99925
339 10000 0.9993
340 10000 0.9995
341 10000 0.9997
342 10000 0.9996
343 10000 0.99965
344 10000 0.99925
345 10000 0.9993
346 10000 0.99935
347 10000 0.9996
348 10000 0.9996
349 10000 0.99935
350 10000 0.9994
351 10000 0.99965
352 10000 0.99975
353 10000 1
