t n p
0 10000 0
1 10000 0
2 10000 5e-05
3 9938 0.000150936
4 9938 0.000201248
5 10000 0.00055
6 9932 0.000604108
7 10000 0.00045
8 10000 0.0006
9 9970 0.000752257
10 10000 0.0006
11 10000 0.0005
12 10000 0.00065
13 9934 0.00105698
14 10000 0.00145
15 10000 0.00115
16 9926 0.00120895
17 9886 0.00101153
18 9918 0.000705787
19 9856 0.000913149
20 9932 0.00100685
21 9868 0.00136806
22 9968 0.00130417
23 9926 0.000654846
24 9866 0.000608149
25 9870 0.000810537
26 9816 0.00091687
27 9824 0.00101792
28 9820 0.00162933
29 9818 0.00198615
30 9854 0.00177593
31 9872 0.0013675
32 9882 0.00146731
33 9864 0.00101379
34 9906 0.000605694
35 9934 0.000352325
36 9940 0.000251509
37 9992 0.00030024
38 9898 0.000303092
39 10000 0.0005
40 9974 0.000200521
41 9928 0.000352538
42 9964 0.000903252
43 10000 0.00125
44 10000 0.0012
45 9804 0.00117299
46 9864 0.000912409
47 9712 0.000823723
48 9650 0.00119171
49 9634 0.00134939
50 9768 0.00117731
51 9554 0.000942014
52 9516 0.00115595
53 9688 0.0010322
54 9878 0.000860498
55 9952 0.000251206
56 9848 0.000406174
57 9914 0.000453904
58 9864 0.000405515
59 9872 0.000506483
60 9770 0.00035824
61 9934 0.00045299
62 9926 0.000654846
63 9946 0.00110597
64 10000 0.0014
65 9960 0.00120482
66 9888 0.00136529
67 9928 0.00105761
68 10000 0.00055
69 10000 0.00065
70 9806 0.00101978
71 9742 0.000769862
72 9688 0.000412882
73 9658 0.000621247
74 9674 0.00108538
75 9596 0.000833681
76 9698 0.000824912
77 9740 0.00138604
78 9668 0.00144808
79 9558 0.00120318
80 9528 0.00146935
81 9636 0.000726443
82 9710 0.000875386
83 9780 0.00122699
84 9712 0.00123558
85 9852 0.00121803
86 9686 0.00118728
87 9694 0.00139261
88 9782 0.00158454
89 9796 0.00153124
90 9648 0.00119196
91 9690 0.00118679
92 9706 0.00169998
93 9818 0.000916684
94 9792 0.000561683
95 9886 0.000809225
96 9890 0.000606673
97 9876 0.000810045
98 9912 0.00100888
99 9870 0.000861196
100 9794 0.00102103
101 9650 0.000880829
102 9874 0.000303828
103 9796 0.000510412
104 9768 0.000563063
105 9840 0.000660569
106 9984 0.000801282
107 10000 0.001
108 9906 0.00126186
109 9958 0.000954007
110 10000 0.00115
111 9978 0.00110243
112 9900 0.00146465
113 9898 0.00116185
114 9966 0.00100341
115 10000 0.0007
116 10000 0.00055
117 9890 0.000606673
118 9952 0.000602894
119 9878 0.000506175
120 9702 0.000412286
121 9756 0.000717507
122 9570 0.000940439
123 9416 0.00122133
124 9516 0.000998319
125 9564 0.00120243
126 9392 0.00117121
127 9264 0.000863558
128 9156 0.000819135
129 9382 0.000692816
130 9308 0.000537172
131 9280 0.000646552
132 9274 0.000593056
133 9302 0.000591271
134 9306 0.00102085
135 9412 0.00148746
136 9296 0.00188253
137 9308 0.00171895
138 9284 0.00177725
139 9274 0.00124003
140 9330 0.00155413
141 9306 0.00107458
142 9192 0.0010879
143 9346 0.00106998
144 9298 0.00134438
145 9402 0.0013295
146 9540 0.00115304
147 9590 0.00088634
148 9710 0.00061792
149 9832 0.000406835
150 9816 0.00056031
151 9730 0.000719424
152 9808 0.000509788
153 9896 0.000505255
154 9958 0.000451898
155 10000 0.00025
156 9964 0.000451626
157 10000 0.0002
158 10000 5e-05
159 10000 0.0002
160 9790 0.000357508
161 9918 0.00030248
162 9944 0.000452534
163 9942 0.000653792
164 10000 0.00075
165 10000 0.00055
166 10000 0.00065
167 9942 0.000653792
168 9822 0.000559967
169 9890 0.000859454
170 9966 0.00155529
171 10000 0.0013
172 9890 0.00166835
173 9846 0.00162503
174 9856 0.00126826
175 9890 0.00146613
176 10000 0.00175
177 9978 0.00150331
178 9884 0.00187171
179 9892 0.00202184
180 9838 0.00228705
181 9796 0.00219477
182 10000 0.00175
183 9892 0.00217347
184 9816 0.00213936
185 9886 0.00227595
186 10000 0.00185
187 9984 0.00195312
188 9856 0.0024858
189 9874 0.00283573
190 9990 0.0026026
191 10000 0.00345
192 9932 0.00271849
193 10000 0.00395
194 10000 0.00415
195 9864 0.00532238
196 9812 0.00458622
197 9790 0.00398366
198 9642 0.00477079
199 9524 0.0050399
200 9428 0.00498515
201 9744 0.00446429
202 9614 0.00530476
203 9640 0.00534232
204 9790 0.00474974
205 9658 0.00693725
206 9804 0.00729294
207 9804 0.00662995
208 9842 0.00685836
209 9864 0.00734996
210 9986 0.00911276
211 9988 0.00941129
212 9960 0.0107932
213 9918 0.0119984
214 9982 0.0136245
215 10000 0.01375
216 9892 0.0142034
217 9854 0.0153237
218 9848 0.0168562
219 9886 0.016488
220 9998 0.0203541
221 10000 0.0246
222 10000 0.0254
223 10000 0.03015
224 10000 0.0351
225 9962 0.0378438
226 10000 0.03785
227 10000 0.04385
228 10000 0.04435
229 9930 0.0466264
230 9762 0.04538
231 9682 0.044464
232 10000 0.0485
233 10000 0.05075
234 10000 0.0523
235 10000 0.0572
236 10000 0.0601
237 10000 0.0633
238 10000 0.06795
239 10000 0.0709
240 10000 0.07705
241 10000 0.08545
242 9994 0.086652
243 10000 0.09415
244 10000 0.0994
245 10000 0.10625
246 10000 0.1127
247 10000 0.1218
248 10000 0.1251
249 10000 0.13665
250 10000 0.14605
251 10000 0.15305
252 9972 0.158293
253 10000 0.16345
254 10000 0.1783
255 10000 0.1898
256 10000 0.1917
257 10000 0.2061
258 10000 0.22175
259 10000 0.22785
260 10000 0.2416
261 10000 0.2552
262 10000 0.27105
263 10000 0.2853
264 10000 0.2985
265 10000 0.31385
266 10000 0.3338
267 10000 0.3495
268 10000 0.368
269 10000 0.37615
270 10000 0.3885
271 10000 0.40835
272 10000 0.4216
273 10000 0.4334
274 10000 0.4514
275 10000 0.46735
276 10000 0.48255
277 10000 0.5005
278 10000 0.51655
279 10000 0.52665
280 10000 0.5397
281 10000 0.55205
282 10000 0.56335
283 10000 0.571
284 10000 0.58445
285 10000 0.6088
286 10000 0.6291
287 10000 0.65145
288 10000 0.6589
289 10000 0.6758
290 10000 0.68065
291 10000 0.7021
292 10000 0.7113
293 10000 0.72195
294 10000 0.7356
295 10000 0.74745
296 10000 0.76025
297 10000 0.77405
298 10000 0.7937
299 10000 0.8074
300 10000 0.817
301 10000 0.82175
302 10000 0.8291
303 10000 0.8364
304 10000 0.84315
305 10000 0.8557
306 10000 0.86195
307 10000 0.869
308 10000 0.8767
309 10000 0.88055
310 10000 0.88495
311 10000 0.89085
312 10000 0.89685
313 10000 0.90585
314 10000 0.90935
315 10000 0.91385
316 10000 0.9188
317 10000 0.92525
318 10000 0.9276
319 10000 0.93075
320 10000 0.93345
321 10000 0.93715
322 10000 0.94215
323 10000 0.94315
324 10000 0.949
325 10000 0.94645
326 10000 0.94745
327 10000 0.9499
328 10000 0.9563
329 10000 0.9614
330 10000 0.9646
331 10000 0.9677
332 10000 0.9715
333 10000 0.97495
334 10000 0.9758
335 10000 0.97655
336 10000 0.97915
337 10000 0.98065
338 10000 0.98185
339 10000 0.98495
340 10000 0.98555
341 10000 0.98685
342 10000 0.98905
343 10000 0.9895
344 10000 0.98925
345 10000 0.98905
346 10000 0.98895
347 10000 0.9901
348 10000 0.99055
349 10000 0.99155
350 10000 0.9922
351 10000 0.99325
352 10000 0.9937
353 10000 0.99525
354 10000 0.99445
355 10000 0.9946
356 10000 0.99485
357 10000 0.99545
358 10000 0.99625
359 10000 0.996
360 10000 0.99625
361 10000 0.9973
362 10000 0.99785
363 10000 0.99755
364 10000 0.99745
365 10000 0.99785
366 10000 0.9969
367 10000 0.99735
368 10000 0.9975
369 10000 0.9981
370 10000 0.99785
371 10000 0.9979
372 10000 0.9985
373 10000 0.99865
374 10000 0.9983
375 10000 0.9987
376 10000 0.9994
377 10000 0.99975
378 10000 0.99975
379 10000 0.99975
380 10000 0.9996
381 10000 0.99965
382 10000 0.9999
383 10000 0.9999
384 10000 1
