t n p
0 10000 0
1 10000 5e-05
2 10000 0.0001
3 9882 0.000202388
4 9870 0.000151976
5 9846 0
6 9872 0
7 9902 5.04948e-05
8 10000 0.0001
9 10000 0.0002
10 10000 0.00055
11 9980 0.000601202
12 9998 0.00045009
13 10000 0.0005
14 9966 0.000451535
15 9786 0.000459841
16 9892 0.000202184
17 9952 5.02412e-05
18 9972 0.000100281
19 10000 0
20 10000 0
21 9798 0
22 10000 0
23 9994 0
24 9916 0
25 10000 0
26 10000 0
27 10000 0
28 10000 0
29 10000 0
30 10000 0
31 9978 0
32 9956 0
33 10000 0
34 9998 0
35 10000 0
36 9942 0
37 9824 5.08958e-05
38 9764 0.000153626
39 9870 0.000101317
40 9986 0.00015021
41 9956 0.000100442
42 10000 5e-05
43 10000 0
44 10000 0
45 10000 0
46 9958 0
47 9992 0
48 9938 0
49 9806 0
50 9800 0
51 9706 0
52 9572 0.000104471
53 9536 5.24329e-05
54 9436 5.29886e-05
55 9402 0
56 9330 5.35906e-05
57 9396 0.000106428
58 9382 0.000106587
59 9224 0.000162619
60 9150 0.000163934
61 9292 0.000161429
62 9172 0.000381596
63 9140 0.000382932
64 9006 0.000444148
65 9006 0.000999334
66 8978 0.00116953
67 8960 0.00122768
68 9070 0.00137817
69 9122 0.00164438
70 9146 0.00213208
71 9116 0.00170031
72 9128 0.0025745
73 9058 0.00248399
74 9242 0.00248864
75 9214 0.00314738
76 9382 0.00255809
77 9444 0.00338839
78 9382 0.00362396
79 9482 0.00358574
80 9454 0.00433679
81 9548 0.00377042
82 9626 0.00431124
83 9624 0.00514339
84 9658 0.00512528
85 9680 0.00552686
86 9660 0.00590062
87 9566 0.00512231
88 9804 0.00453896
89 9720 0.00519547
90 9696 0.00613655
91 9792 0.00679126
92 9568 0.00815217
93 9592 0.00933069
94 9596 0.01089
95 9606 0.0130127
96 9648 0.013267
97 9680 0.0144112
98 9632 0.0172342
99 9698 0.0183027
100 9724 0.0177396
101 9538 0.0182952
102 9686 0.0210613
103 9686 0.0244683
104 9636 0.0239207
105 9858 0.0234835
106 10000 0.02395
107 10000 0.0253
108 10000 0.0262
109 9996 0.027561
110 10000 0.02755
111 10000 0.026
112 9978 0.0277611
113 9932 0.0301551
114 9942 0.0292195
115 10000 0.03165
116 10000 0.0336
117 10000 0.03505
118 10000 0.03605
119 10000 0.0398
120 10000 0.04405
121 9998 0.0488098
122 9952 0.0529039
123 9958 0.0588974
124 9848 0.0632108
125 10000 0.06815
126 10000 0.0763
127 10000 0.0837
128 10000 0.0926
129 9962 0.100482
130 10000 0.10475
131 10000 0.11305
132 10000 0.1172
133 10000 0.12585
134 10000 0.1341
135 10000 0.14505
136 10000 0.1494
137 10000 0.16375
138 10000 0.1702
139 10000 0.18085
140 10000 0.19375
141 10000 0.2007
142 10000 0.2081
143 10000 0.21635
144 10000 0.22025
145 10000 0.23605
146 10000 0.2419
147 10000 0.24955
148 10000 0.25635
149 10000 0.2664
150 10000 0.2754
151 10000 0.2808
152 10000 0.29395
153 10000 0.29565
154 10000 0.30925
155 10000 0.32085
156 10000 0.341
157 10000 0.35775
158 10000 0.37385
159 10000 0.3844
160 10000 0.39465
161 10000 0.41055
162 10000 0.42575
163 10000 0.4452
164 10000 0.46355
165 10000 0.4833
166 10000 0.4971
167 10000 0.511
168 10000 0.516
169 10000 0.53355
170 10000 0.55145
171 10000 0.56625
172 10000 0.5813
173 10000 0.599
174 10000 0.6076
175 10000 0.61885
176 10000 0.63025
177 10000 0.6457
178 10000 0.6551
179 10000 0.66195
180 10000 0.67245
181 10000 0.6896
182 10000 0.7058
183 10000 0.7222
184 10000 0.74065
185 10000 0.7549
186 10000 0.76625
187 10000 0.7719
188 10000 0.7783
189 10000 0.79025
190 10000 0.80115
191 10000 0.81115
192 10000 0.82205
193 10000 0.83125
194 10000 0.84005
195 10000 0.85485
196 10000 0.8626
197 10000 0.8689
198 10000 0.8707
199 10000 0.8762
200 10000 0.8774
201 10000 0.889
202 10000 0.89695
203 10000 0.90015
204 10000 0.90745
205 10000 0.91495
206 10000 0.9154
207 10000 0.9224
208 10000 0.9261
209 10000 0.9295
210 10000 0.93005
211 10000 0.93365
212 10000 0.937
213 10000 0.93965
214 10000 0.94515
215 10000 0.95065
216 10000 0.9539
217 10000 0.9541
218 10000 0.9572
219 10000 0.96035
220 10000 0.96145
221 10000 0.96165
222 10000 0.9602
223 10000 0.9624
224 10000 0.9642
225 10000 0.96655
226 10000 0.96405
227 10000 0.9674
228 10000 0.96975
229 10000 0.97495
230 10000 0.9771
231 10000 0.9784
232 10000 0.9804
233 10000 0.98005
234 10000 0.9811
235 10000 0.9816
236 10000 0.98155
237 10000 0.9835
238 10000 0.9846
239 10000 0.98525
240 10000 0.9872
241 10000 0.98795
242 10000 0.98835
243 10000 0.9879
244 10000 0.9897
245 10000 0.9902
246 10000 0.9894
247 10000 0.99115
248 10000 0.9916
249 10000 0.9916
250 10000 0.9924
251 10000 0.99305
252 10000 0.99285
253 10000 0.99355
254 10000 0.99295
255 10000 0.9936
256 10000 0.99405
257 10000 0.99545
258 10000 0.9959
259 10000 0.9964
260 10000 0.9968
261 10000 0.997
262 10000 0.99825
263 10000 0.9983
264 10000 0.99845
265 10000 0.99855
266 10000 0.99845
267 10000 0.9984
268 10000 0.9985
269 10000 0.9986
270 10000 0.9993
271 10000 0.9991
272 10000 0.99925
273 10000 0.99945
274 10000 0.9993
275 10000 0.99955
276 10000 0.9998
277 10000 0.99995
278 10000 0.9998
279 10000 0.9997
280 10000 0.9998
281 10000 0.99985
282 10000 0.9999
283 10000 1
