t n p
0 10000 0
1 10000 0
2 9932 0
3 10000 0.0001
4 10000 0.0002
5 9826 0
6 9972 5.01404e-05
7 10000 0
8 9978 0.00010022
9 9914 0.000201735
10 9910 0.000100908
11 9692 0.000103178
12 9770 0
13 9876 0
14 9888 5.05663e-05
15 9928 0
16 9786 5.10934e-05
17 9784 0.000102208
18 9630 0.000103842
19 9720 5.14403e-05
20 9672 0.000103391
21 9648 0
22 9658 0
23 9612 0
24 9882 5.0597e-05
25 10000 0
26 10000 0
27 9874 0
28 9872 0
29 9870 0
30 9944 0
31 10000 5e-05
32 9944 5.02816e-05
33 10000 5e-05
34 9896 0.000101051
35 9826 0.000254427
36 9868 0.000405351
37 9690 0.000567595
38 9698 0.000618684
39 9806 0.000254946
40 9762 0.000153657
41 9850 0.00035533
42 10000 0.0003
43 9990 0.00045045
44 10000 0.0004
45 10000 0.00035
46 10000 0.0004
47 10000 0.00055
48 10000 0.00065
49 9872 0.000506483
50 9878 0.000708645
51 10000 0.0009
52 9966 0.000451535
53 9926 0.000604473
54 9938 0.00105655
55 9972 0.00150421
56 9726 0.00195353
57 9640 0.00119295
58 9706 0.000412116
59 9638 0.000103756
60 9618 0.000259929
61 9714 0.000463249
62 9754 0.000410088
63 9764 0.000256043
64 9754 0.000307566
65 9966 0.000351194
66 9960 0.000200803
67 9944 0.000351971
68 9864 0.000405515
69 9836 0.000355836
70 9948 0.000201045
71 9822 0.000254531
72 9734 0.000102733
73 9738 0.000256726
74 9704 0.000257626
75 9698 0.000257785
76 9690 0.000154799
77 9584 0.000104341
78 9572 0.000156707
79 9698 0.000257785
80 9730 0.000102775
81 9526 5.24879e-05
82 9520 0
83 9570 0
84 9540 0
85 9480 0
86 9636 0
87 9674 0
88 9640 0
89 9698 0
90 9684 0
91 9664 0
92 9456 0
93 9576 0
94 9534 0
95 9770 0
96 9824 0
97 9762 0
98 9770 0
99 9770 5.11771e-05
100 9704 5.15251e-05
101 9740 5.13347e-05
102 9922 0
103 9686 0
104 9806 0
105 9714 0
106 9804 0
107 9724 0
108 9698 0
109 9654 0
110 9734 0
111 9682 0
112 9640 0
113 9652 0
114 9688 0
115 9736 0
116 9634 0
117 9468 0.000105619
118 9394 0
119 9304 0
120 9336 0
121 9248 0
122 9230 0
123 9238 0
124 9242 0
125 9346 0
126 9328 0
127 9432 5.3011e-05
128 9564 0
129 9668 5.1717e-05
130 9828 5.08751e-05
131 9656 0.000155344
132 9834 0
133 9796 5.10412e-05
134 9820 0
135 9794 0
136 9856 0
137 9908 0
138 9912 0
139 9934 0
140 9730 0
141 9660 0
142 9700 0
143 9826 0
144 9706 5.15145e-05
145 9650 0
146 9746 0
147 9816 0
148 9814 0
149 9664 0
150 9672 0
151 9638 0
152 9626 0
153 9682 0
154 9716 0
155 9800 0
156 9874 0
157 9786 0
158 9912 5.04439e-05
159 9978 0
160 9944 0
161 9874 0
162 9748 0
163 9886 0
164 9916 5.04236e-05
165 9962 0
166 9890 0.000101112
167 9992 0
168 9974 0
169 9986 0
170 10000 0
171 9994 0
172 10000 0
173 10000 0.0001
174 10000 0.0001
175 10000 5e-05
176 10000 0
177 10000 0
178 10000 0
179 10000 0
180 9904 0
181 9910 0
182 9848 0
183 9746 0
184 9774 0
185 9808 0
186 9604 0
187 9590 0
188 9718 5.14509e-05
189 9696 0.000154703
190 9726 0.000257043
191 9666 0.000258639
192 9866 0.000202716
193 10000 0.00025
194 9950 0.000502513
195 9952 0.000602894
196 9900 0.000808081
197 9944 0.000804505
198 9986 0.000700981
199 9780 0.000869121
200 9818 0.00117132
201 9798 0.00178608
202 9766 0.00163834
203 9718 0.00226384
204 9676 0.00253204
205 9622 0.0034816
206 9616 0.00353577
207 9590 0.00437956
208 9638 0.00461714
209 9678 0.00470138
210 9690 0.00438596
211 9572 0.00491015
212 9550 0.00513089
213 9430 0.004772
214 9502 0.00584088
215 9398 0.00712918
216 9388 0.00862804
217 9548 0.00816925
218 9476 0.00897003
219 9388 0.00750959
220 9326 0.00772035
221 9468 0.00734052
222 9422 0.00790703
223 9440 0.00805085
224 9268 0.0104122
225 9378 0.0108232
226 9228 0.0110533
227 9282 0.00937298
228 9130 0.00898138
229 9204 0.00923512
230 9204 0.00977836
231 9318 0.0113758
232 9428 0.0115083
233 9408 0.0134991
234 9204 0.0164059
235 9258 0.0164182
236 9112 0.0183275
237 9114 0.0200241
238 9220 0.0195228
239 9224 0.0201106
240 9252 0.0218872
241 9200 0.0199457
242 9332 0.0214852
243 9458 0.0235251
244 9488 0.0249789
245 9530 0.0252886
246 9422 0.0264806
247 9592 0.0258028
248 9636 0.0275529
249 9500 0.0283158
250 9528 0.0289148
251 9538 0.0314007
252 9610 0.037513
253 9430 0.0393955
254 9594 0.0438295
255 9668 0.048614
256 9800 0.0511224
257 9822 0.0506007
258 9884 0.0542291
259 10000 0.0532
260 10000 0.05825
261 10000 0.0618
262 10000 0.06295
263 9998 0.0664133
264 10000 0.07035
265 10000 0.07705
266 10000 0.08005
267 10000 0.0868
268 10000 0.09515
269 9998 0.0991198
270 10000 0.10245
271 10000 0.10845
272 10000 0.1141
273 10000 0.125
274 10000 0.13305
275 10000 0.1352
276 10000 0.14315
277 10000 0.1472
278 10000 0.1597
279 10000 0.16715
280 10000 0.17415
281 10000 0.1845
282 10000 0.1931
283 10000 0.207
284 10000 0.2119
285 10000 0.2182
286 10000 0.22505
287 10000 0.23475
288 10000 0.2437
289 10000 0.25755
290 10000 0.2716
291 10000 0.28215
292 10000 0.2928
293 10000 0.3081
294 10000 0.3235
295 10000 0.34075
296 10000 0.36255
297 10000 0.3792
298 10000 0.39975
299 10000 0.41765
300 10000 0.43485
301 10000 0.461
302 10000 0.484
303 10000 0.50505
304 10000 0.51765
305 10000 0.53415
306 10000 0.55775
307 10000 0.56375
308 10000 0.5869
309 10000 0.60345
310 10000 0.61395
311 10000 0.62445
312 10000 0.6352
313 10000 0.6545
314 10000 0.66945
315 10000 0.68965
316 10000 0.70725
317 10000 0.72655
318 10000 0.74025
319 10000 0.7517
320 10000 0.7607
321 10000 0.7699
322 10000 0.7817
323 10000 0.79395
324 10000 0.80705
325 10000 0.8148
326 10000 0.82445
327 10000 0.8362
328 10000 0.8507
329 10000 0.85865
330 10000 0.86775
331 10000 0.8704
332 10000 0.87715
333 10000 0.88275
334 10000 0.89155
335 10000 0.8981
336 10000 0.90725
337 10000 0.91405
338 10000 0.9129
339 10000 0.9186
340 10000 0.92515
341 10000 0.932
342 10000 0.93575
343 10000 0.9354
344 10000 0.9392
345 10000 0.94255
346 10000 0.9435
347 10000 0.9508
348 10000 0.95235
349 10000 0.9535
350 10000 0.95565
351 10000 0.9589
352 10000 0.9608
353 10000 0.965
354 10000 0.9691
355 10000 0.97175
356 10000 0.97305
357 10000 0.9739
358 10000 0.9761
359 10000 0.97595
360 10000 0.98065
361 10000 0.9818
362 10000 0.9812
363 10000 0.983
364 10000 0.98435
365 10000 0.98365
366 10000 0.9828
367 10000 0.98345
368 10000 0.985
369 10000 0.9861
370 10000 0.9855
371 10000 0.98535
372 10000 0.98615
373 10000 0.98715
374 10000 0.9884
375 10000 0.9905
376 10000 0.99195
377 10000 0.992
378 10000 0.992
379 10000 0.99155
380 10000 0.9921
381 10000 0.9934
382 10000 0.9934
383 10000 0.99435
384 10000 0.99585
385 10000 0.99555
386 10000 0.9963
387 10000 0.9962
388 10000 0.99675
389 10000 0.99715
390 10000 0.9972
391 10000 0.9977
392 10000 0.99775
393 10000 0.9988
394 10000 0.99905
395 10000 0.9992
396 10000 0.999
397 10000 0.99885
398 10000 0.99865
399 10000 0.99875
400 10000 0.99935
401 10000 0.99925
402 10000 0.99915
403 10000 0.99895
404 10000 0.99865
405 10000 0.9988
406 10000 0.99835
407 10000 0.9981
408 10000 0.99755
409 10000 0.99725
410 10000 0.9978
411 10000 0.99895
412 10000 0.9992
413 10000 0.99905
414 10000 0.99935
415 10000 0.99955
416 10000 0.99955
417 10000 0.9995
418 10000 0.99935
419 10000 0.99955
420 10000 0.99955
421 10000 0.9995
422 10000 0.9995
423 10000 0.99965
424 10000 0.99955
425 10000 0.9994
426 10000 0.9996
427 10000 0.99985
428 10000 0.99965
429 10000 0.99925
430 10000 0.9994
431 10000 0.99905
432 10000 0.9991
433 10000 0.99955
434 10000 0.99945
435 10000 0.9995
436 10000 0.99935
437 10000 0.9994
438 10000 0.99925
439 10000 0.99965
440 10000 0.99975
441 10000 0.99995
442 10000 0.9999
443 10000 1
