t n p
1 10000 0.00025
2 10000 0.00045
3 10000 0.0005
4 9828 0.000610501
5 9762 0.00051219
6 9644 0.00072584
7 9716 0.000926307
8 9710 0.00102987
9 9782 0.00112451
10 9670 0.000723888
11 9698 0.000618684
12 9590 0.000834202
13 9544 0.000943001
14 9502 0.00115765
15 9610 0.00104058
16 9718 0.00102902
17 9702 0.000927644
18 9696 0.000825083
19 9806 0.00132572
20 9972 0.00160449
21 9918 0.00161323
22 10000 0.0015
23 10000 0.0017
24 9930 0.0020141
25 10000 0.0019
26 9920 0.00171371
27 9976 0.00220529
28 10000 0.0027
29 10000 0.0029
30 9940 0.00261569
31 10000 0.00265
32 10000 0.0025
33 10000 0.00275
34 10000 0.0026
35 10000 0.003
36 10000 0.0028
37 10000 0.0028
38 9966 0.00311058
39 10000 0.00295
40 10000 0.0033
41 9954 0.00301386
42 9808 0.00316069
43 9842 0.00264174
44 9822 0.00264712
45 9866 0.00192581
46 9882 0.00222627
47 9942 0.00251458
48 10000 0.0033
49 10000 0.00315
50 10000 0.00275
51 9824 0.00254479
52 9762 0.00245851
53 9924 0.00231761
54 9916 0.00292457
55 9888 0.00293285
56 9966 0.00290989
57 10000 0.0028
58 9944 0.00251408
59 9952 0.00200965
60 10000 0.0019
61 9938 0.00171061
62 9876 0.00202511
63 9928 0.00251813
64 9876 0.00303767
65 9758 0.0030744
66 9880 0.00273279
67 9856 0.00324675
68 9740 0.00359343
69 9646 0.00321377
70 9684 0.00361421
71 9660 0.00362319
72 9728 0.00328947
73 9666 0.00331057
74 9790 0.00357508
75 9820 0.00386965
76 9744 0.00400246
77 9808 0.00469005
78 9872 0.00435575
79 10000 0.00385
80 10000 0.004
81 9834 0.00315233
82 9844 0.00345388
83 9666 0.00382785
84 9728 0.00339227
85 9794 0.00347151
86 9898 0.00414225
87 9834 0.00528778
88 9942 0.00533092
89 9896 0.00565885
90 9940 0.00613682
91 9758 0.00635376
92 9702 0.00680272
93 9498 0.00684355
94 9530 0.00755509
95 9372 0.00810926
96 9358 0.00876256
97 9258 0.00950529
98 9256 0.00939931
99 9424 0.010399
100 9326 0.0106155
101 9322 0.0111564
102 9376 0.0109855
103 9406 0.0115883
104 9616 0.0118552
105 9772 0.0123823
106 10000 0.01435
107 9874 0.0155965
108 9850 0.0170558
109 9790 0.0177732
110 10000 0.01895
111 10000 0.0203
112 9974 0.0217566
113 9982 0.0230415
114 9838 0.025615
115 9940 0.0264588
116 10000 0.02865
117 9900 0.0312121
118 9926 0.0338505
119 10000 0.0345
120 10000 0.0363
121 10000 0.03675
122 10000 0.0408
123 10000 0.044
124 9982 0.0458826
125 10000 0.0507
126 9956 0.051828
127 10000 0.05455
128 10000 0.0586
129 10000 0.06125
130 9956 0.0648855
131 9862 0.0659096
132 10000 0.0686
133 10000 0.07295
134 10000 0.0771
135 9986 0.0808131
136 10000 0.0813
137 9940 0.0897384
138 9938 0.0941839
139 9984 0.0961538
140 10000 0.1021
141 10000 0.10735
142 10000 0.1104
143 10000 0.11615
144 10000 0.1194
145 10000 0.1236
146 10000 0.1306
147 10000 0.13625
148 10000 0.1467
149 10000 0.1548
150 10000 0.1605
151 10000 0.1723
152 10000 0.1826
153 10000 0.1925
154 10000 0.1994
155 10000 0.2052
156 10000 0.2156
157 10000 0.2259
158 10000 0.2306
159 10000 0.2335
160 10000 0.23765
161 10000 0.24535
162 10000 0.25525
163 10000 0.26325
164 10000 0.274
165 10000 0.2812
166 10000 0.2899
167 10000 0.29555
168 10000 0.3028
169 10000 0.31225
170 10000 0.31855
171 10000 0.32255
172 10000 0.3324
173 10000 0.3342
174 10000 0.34115
175 10000 0.35065
176 10000 0.3552
177 10000 0.3613
178 10000 0.3649
179 10000 0.36915
180 10000 0.3771
181 10000 0.3852
182 10000 0.39565
183 10000 0.39845
184 10000 0.40475
185 10000 0.4105
186 10000 0.40775
187 10000 0.4118
188 10000 0.4196
189 10000 0.42035
190 10000 0.42485
191 10000 0.43065
192 10000 0.43525
193 10000 0.4376
194 10000 0.43945
195 10000 0.4444
196 10000 0.44775
197 10000 0.44815
198 10000 0.4491
199 10000 0.45085
200 10000 0.4516
201 10000 0.4545
202 10000 0.4571
203 10000 0.46105
204 10000 0.4625
205 10000 0.4649
206 10000 0.46495
207 10000 0.46755
208 10000 0.471
209 10000 0.4729
210 10000 0.4744
211 10000 0.47575
212 10000 0.4773
213 10000 0.4787
214 10000 0.4795
215 10000 0.48085
216 10000 0.4822
217 10000 0.48355
218 10000 0.4846
219 10000 0.48445
220 10000 0.4859
221 10000 0.4871
222 10000 0.48775
223 10000 0.48815
224 10000 0.48945
225 10000 0.4913
226 10000 0.48995
227 10000 0.4913
228 10000 0.4918
229 10000 0.49275
230 10000 0.4933
231 10000 0.49455
232 10000 0.49515
233 10000 0.49615
234 10000 0.49665
235 10000 0.4967
236 10000 0.4965
237 10000 0.49605
238 10000 0.4964
239 10000 0.4962
240 10000 0.4966
241 10000 0.4973
242 10000 0.4971
243 10000 0.497
244 10000 0.4969
245 10000 0.49745
246 10000 0.4971
247 10000 0.4974
248 10000 0.4975
249 10000 0.4972
250 10000 0.49655
251 10000 0.496
252 10000 0.4958
253 10000 0.49555
254 10000 0.49685
255 10000 0.49655
256 10000 0.497
257 10000 0.49695
258 10000 0.497
259 10000 0.49685
260 10000 0.4969
261 10000 0.49685
262 10000 0.49745
263 10000 0.49775
264 10000 0.49825
265 10000 0.49835
266 10000 0.49845
267 10000 0.49835
268 10000 0.49835
269 10000 0.4984
270 10000 0.4984
271 10000 0.49865
272 10000 0.4989
273 10000 0.4992
274 10000 0.4993
275 10000 0.49935
276 10000 0.4994
277 10000 0.49945
278 10000 0.49915
279 10000 0.4988
280 10000 0.4987
281 10000 0.4991
282 10000 0.49945
283 10000 0.4995
284 10000 0.4995
285 10000 0.4997
286 10000 0.4995
287 10000 0.49955
288 10000 0.4998
289 10000 0.4999
290 10000 0.5
