t n p
1 10000 0.00025
2 9806 0.000407914
3 9772 0.000409333
4 9824 0.000610749
5 9942 0.000804667
6 9846 0.00101564
7 9720 0.00154321
8 9952 0.0017082
9 9906 0.00201898
10 9850 0.00192893
11 9968 0.00230738
12 10000 0.0025
13 9936 0.00281804
14 10000 0.0034
15 9990 0.0043043
16 9940 0.00462777
17 10000 0.00475
18 9942 0.00462684
19 9870 0.00405268
20 9802 0.00489696
21 9756 0.00471505
22 9708 0.0052534
23 9900 0.00666667
24 10000 0.0066
25 9980 0.00701403
26 9954 0.00853928
27 9988 0.00941129
28 10000 0.0105
29 10000 0.0111
30 10000 0.013
31 10000 0.0131
32 9876 0.0143783
33 10000 0.0166
34 10000 0.0174
35 10000 0.0185
36 9958 0.0189797
37 10000 0.0209
38 9962 0.020779
39 10000 0.0225
40 9890 0.0237614
41 9910 0.0244198
42 9986 0.0248348
43 9820 0.0253564
44 9756 0.0266503
45 9746 0.0261646
46 9622 0.0300353
47 9832 0.0313263
48 9700 0.0323711
49 9726 0.0354719
50 9798 0.0387834
51 9914 0.0411539
52 9948 0.0425211
53 10000 0.0474
54 9936 0.0470008
55 9988 0.0488586
56 10000 0.0497
57 10000 0.0538
58 10000 0.0546
59 10000 0.0569
60 10000 0.06045
61 9938 0.0626887
62 9842 0.0657387
63 9772 0.0677446
64 9902 0.0709958
65 10000 0.0735
66 10000 0.0789
67 10000 0.08575
68 10000 0.09225
69 10000 0.0958
70 10000 0.1009
71 10000 0.10905
72 10000 0.11845
73 10000 0.12515
74 10000 0.1311
75 10000 0.1377
76 10000 0.1445
77 10000 0.1478
78 10000 0.1542
79 10000 0.15755
80 10000 0.17025
81 10000 0.17535
82 10000 0.1837
83 10000 0.18875
84 10000 0.2011
85 10000 0.21105
86 10000 0.22045
87 10000 0.228
88 10000 0.23345
89 10000 0.24115
90 10000 0.2473
91 10000 0.25515
92 10000 0.2608
93 10000 0.27345
94 10000 0.2831
95 10000 0.29365
96 10000 0.29955
97 10000 0.3051
98 10000 0.31055
99 10000 0.31765
100 10000 0.3252
101 10000 0.33255
102 10000 0.3377
103 10000 0.34395
104 10000 0.35165
105 10000 0.3597
106 10000 0.36655
107 10000 0.3697
108 10000 0.3755
109 10000 0.37885
110 10000 0.3855
111 10000 0.39225
112 10000 0.3942
113 10000 0.4025
114 10000 0.40805
115 10000 0.41285
116 10000 0.4149
117 10000 0.42
118 10000 0.42305
119 10000 0.42495
120 10000 0.42935
121 10000 0.4351
122 10000 0.438
123 10000 0.4397
124 10000 0.44435
125 10000 0.4485
126 10000 0.45275
127 10000 0.45425
128 10000 0.45665
129 10000 0.45825
130 10000 0.45955
131 10000 0.46075
132 10000 0.4628
133 10000 0.46485
134 10000 0.46745
135 10000 0.47005
136 10000 0.47105
137 10000 0.47335
138 10000 0.47625
139 10000 0.478
140 10000 0.47805
141 10000 0.4789
142 10000 0.47985
143 10000 0.4796
144 10000 0.48115
145 10000 0.48135
146 10000 0.4827
147 10000 0.48295
148 10000 0.4829
149 10000 0.4855
150 10000 0.48625
151 10000 0.48585
152 10000 0.4855
153 10000 0.48785
154 10000 0.48815
155 10000 0.489
156 10000 0.49045
157 10000 0.4914
158 10000 0.4931
159 10000 0.4927
160 10000 0.4926
161 10000 0.49385
162 10000 0.49405
163 10000 0.49465
164 10000 0.49535
165 10000 0.49515
166 10000 0.49505
167 10000 0.49505
168 10000 0.49495
169 10000 0.4952
170 10000 0.495
171 10000 0.4949
172 10000 0.49515
173 10000 0.4954
174 10000 0.49565
175 10000 0.4954
176 10000 0.4959
177 10000 0.49545
178 10000 0.49555
179 10000 0.4969
180 10000 0.4967
181 10000 0.497
182 10000 0.49755
183 10000 0.4979
184 10000 0.4987
185 10000 0.4986
186 10000 0.4987
187 10000 0.49855
188 10000 0.49855
189 10000 0.49855
190 10000 0.49855
191 10000 0.4986
192 10000 0.4988
193 10000 0.49865
194 10000 0.49875
195 10000 0.4986
196 10000 0.49875
197 10000 0.4988
198 10000 0.49905
199 10000 0.49915
200 10000 0.4989
201 10000 0.4991
202 10000 0.49875
203 10000 0.4987
204 10000 0.4986
205 10000 0.49905
206 10000 0.49905
207 10000 0.49895
208 10000 0.4988
209 10000 0.4991
210 10000 0.4991
211 10000 0.49895
212 10000 0.49915
213 10000 0.4988
214 10000 0.4987
215 10000 0.4985
216 10000 0.49855
217 10000 0.49855
218 10000 0.4984
219 10000 0.49875
220 10000 0.49885
221 10000 0.4993
222 10000 0.4992
223 10000 0.49945
224 10000 0.4994
225 10000 0.49935
226 10000 0.4995
227 10000 0.4995
228 10000 0.4993
229 10000 0.4993
230 10000 0.49935
231 10000 0.49935
232 10000 0.4993
233 10000 0.4994
234 10000 0.4995
235 10000 0.49945
236 10000 0.4993
237 10000 0.4993
238 10000 0.49965
239 10000 0.4996
240 10000 0.4997
241 10000 0.4997
242 10000 0.4998
243 10000 0.4998
244 10000 0.4998
245 10000 0.4998
246 10000 0.4998
247 10000 0.4997
248 10000 0.4996
249 10000 0.4996
250 10000 0.49975
251 10000 0.49975
252 10000 0.49975
253 10000 0.49975
254 10000 0.4997
255 10000 0.4994
256 10000 0.4997
257 10000 0.4995
258 10000 0.4996
259 10000 0.4997
260 10000 0.4996
261 10000 0.49965
262 10000 0.49955
263 10000 0.4997
264 10000 0.4996
265 10000 0.4996
266 10000 0.49965
267 10000 0.4997
268 10000 0.49975
269 10000 0.49985
270 10000 0.4998
271 10000 0.49975
272 10000 0.4996
273 10000 0.4997
274 10000 0.4997
275 10000 0.4998
276 10000 0.4998
277 10000 0.4997
278 10000 0.49965
279 10000 0.4995
280 10000 0.4994
281 10000 0.4991
282 10000 0.4991
283 10000 0.49935
284 10000 0.499
285 10000 0.49885
286 10000 0.49895
287 10000 0.49885
288 10000 0.4994
289 10000 0.49935
290 10000 0.49965
291 10000 0.4995
292 10000 0.4998
293 10000 0.4997
294 10000 0.4998
295 10000 0.4998
296 10000 0.4998
297 10000 0.4997
298 10000 0.4997
299 10000 0.4998
300 10000 0.4998
301 10000 0.4996
302 10000 0.4995
303 10000 0.49955
304 10000 0.4994
305 10000 0.49925
306 10000 0.49925
307 10000 0.4991
308 10000 0.49915
309 10000 0.4994
310 10000 0.4997
311 10000 0.4995
312 10000 0.4997
313 10000 0.49985
314 10000 0.4999
315 10000 0.5
